2007/06/04 16.85 17.00 15.04 15.04 257138.00 407042272.00
2007/06/05 14.63 16.40 13.60 16.32 285976.00 420196128.00
2007/06/06 16.28 17.88 16.15 17.68 303166.00 514901056.00
2007/06/07 17.62 18.25 17.31 17.92 334289.00 596352192.00
2007/06/08 17.83 18.21 17.38 17.79 159135.00 283174336.00
2007/06/11 18.01 19.20 17.70 18.83 195676.00 363769920.00
2007/06/12 19.00 19.12 18.10 18.80 202388.00 377962752.00
2007/06/13 18.88 19.66 18.80 18.97 183984.00 350559968.00
2007/06/14 18.97 19.12 18.18 18.65 108859.00 203805840.00
2007/06/15 18.60 18.85 18.25 18.40 88111.00 162953600.00
2007/06/18 18.52 19.60 18.52 19.54 155650.00 297325408.00
2007/06/19 19.70 19.70 19.00 19.35 92239.00 178536944.00
2007/06/20 19.50 20.15 19.00 19.20 153013.00 303439040.00
2007/06/21 19.00 19.49 18.52 19.13 109627.00 208868352.00
2007/06/22 19.15 20.15 18.63 18.88 114788.00 220964704.00
2007/06/25 19.00 19.20 17.85 18.32 135883.00 249796000.00
2007/06/26 18.28 18.55 17.79 18.39 80508.00 145779024.00
2007/06/27 18.45 19.20 18.30 19.01 89436.00 168247648.00
2007/06/28 19.20 19.47 18.55 18.60 89422.00 168832000.00
2007/07/02 18.00 18.49 16.88 17.61 113958.00 200163536.00
2007/07/03 17.80 18.18 17.60 18.09 49569.00 88846016.00
2007/07/04 18.01 18.25 17.70 17.71 38010.00 68354984.00
2007/07/05 17.30 17.50 15.94 15.94 89988.00 149417584.00
2007/07/06 15.81 16.64 15.50 16.45 81735.00 131186504.00
2007/07/09 16.55 17.20 16.55 17.04 44439.00 74794880.00
2007/07/10 17.05 17.15 16.48 16.65 43383.00 72606304.00
2007/07/11 16.64 17.71 16.50 17.32 57441.00 99287112.00
2007/07/12 17.49 17.50 17.17 17.31 24939.00 43186016.00
2007/07/13 17.30 17.50 16.97 17.35 26264.00 45223908.00
2007/07/16 17.08 17.30 16.90 17.07 29348.00 49977084.00
2007/07/17 16.90 17.33 16.88 17.20 19952.00 34237864.00
2007/07/18 17.19 17.65 16.75 17.64 53158.00 91700872.00
2007/07/19 17.50 18.05 17.40 17.78 27985.00 49858332.00
2007/07/20 17.79 18.55 17.79 18.49 46658.00 85845936.00
2007/07/23 18.60 19.30 18.60 19.03 72371.00 137806672.00
2007/07/24 19.05 19.25 18.85 18.89 45350.00 86431280.00
2007/07/25 18.80 18.98 18.48 18.97 68418.00 128148968.00
2007/07/26 19.20 19.70 19.00 19.14 49005.00 94696184.00
2007/07/27 18.88 19.17 18.63 18.84 48676.00 91391304.00
2007/07/30 18.81 19.40 18.70 19.04 77737.00 147810000.00
2007/07/31 19.08 20.18 18.90 20.15 124629.00 243635104.00
2007/08/01 20.17 20.55 19.00 19.04 113469.00 223067904.00
2007/08/02 19.10 19.68 19.10 19.53 65602.00 127292000.00
2007/08/03 19.60 20.09 19.48 19.99 106226.00 210142320.00
2007/08/06 20.15 21.69 19.90 21.55 138764.00 285716192.00
2007/08/07 21.34 21.34 20.73 20.80 91312.00 191753856.00
2007/08/08 20.70 20.98 19.76 20.14 86045.00 174410928.00
2007/08/09 20.16 20.76 20.06 20.18 41381.00 84135336.00
2007/08/10 20.11 20.30 19.00 19.31 92244.00 178933136.00
2007/08/13 19.40 20.15 19.10 19.45 63484.00 125356544.00
2007/08/14 19.46 19.98 19.45 19.76 37969.00 74914800.00
2007/08/15 19.72 19.99 19.28 19.55 36587.00 71868072.00
2007/08/16 19.58 19.58 18.68 19.13 59967.00 114282416.00
2007/08/17 19.18 19.73 19.00 19.19 37513.00 72460464.00
2007/08/20 19.62 20.28 19.50 20.18 52231.00 104285512.00
2007/08/21 20.20 20.75 20.05 20.18 48955.00 99880520.00
2007/08/22 19.88 20.50 19.78 20.25 55499.00 111993616.00
2007/08/23 20.10 21.21 20.02 20.57 56398.00 116892280.00
2007/08/24 20.61 20.84 20.08 20.33 49170.00 100307656.00
2007/08/27 20.52 21.01 19.90 20.12 65272.00 132869800.00
2007/08/28 20.12 20.12 19.20 19.35 127457.00 247107504.00
2007/08/29 19.36 19.67 18.93 19.29 81379.00 156637152.00
2007/08/30 19.40 19.70 19.24 19.63 69962.00 136348352.00
2007/08/31 19.80 20.29 19.70 20.05 112051.00 224728592.00
2007/09/03 20.18 20.83 20.15 20.62 109948.00 225354320.00
2007/09/04 20.62 20.87 20.00 20.13 77243.00 156900160.00
2007/09/05 20.04 20.84 19.82 20.80 73232.00 148005072.00
2007/09/06 20.90 20.98 20.38 20.65 85664.00 177070448.00
2007/09/07 20.50 20.54 19.86 19.90 64251.00 129595056.00
2007/09/10 19.60 20.11 19.30 19.95 38140.00 75044896.00
2007/09/11 19.95 20.10 19.00 19.02 44569.00 87037648.00
2007/09/12 19.00 19.40 18.88 19.30 43052.00 82395080.00
2007/09/13 19.40 19.50 19.00 19.32 39905.00 76624456.00
2007/09/14 19.32 19.75 19.06 19.71 41608.00 80492832.00
2007/09/17 19.65 21.62 19.50 21.27 138547.00 287774688.00
2007/09/18 21.30 21.49 20.36 20.64 71690.00 149332416.00
2007/09/19 20.80 20.91 19.79 19.89 59764.00 119775520.00
2007/09/20 19.88 20.40 19.88 19.95 41983.00 84250744.00
2007/09/21 20.00 20.83 19.45 19.95 75492.00 152163856.00
2007/09/24 20.00 20.60 19.85 20.44 95416.00 192596544.00
2007/09/25 20.46 20.46 19.40 19.57 88215.00 174307072.00
2007/09/26 19.55 19.60 18.28 18.60 113652.00 213959376.00
2007/09/27 18.59 19.07 18.28 19.01 70032.00 131306640.00
2007/09/28 19.12 19.24 18.81 19.01 95983.00 182024320.00
2007/10/08 19.38 19.45 18.40 18.68 144380.00 272913856.00
2007/10/09 18.68 18.68 17.99 18.39 170695.00 310032736.00
2007/10/10 18.45 18.75 18.20 18.69 89520.00 165891760.00
2007/10/11 18.59 18.69 18.20 18.30 67935.00 125190584.00
2007/10/12 18.32 18.49 17.57 18.19 71526.00 128862448.00
2007/10/15 18.20 18.30 17.40 17.87 84911.00 150307536.00
2007/10/16 17.90 18.45 17.90 18.43 60100.00 109126560.00
2007/10/17 18.46 18.70 18.10 18.58 44275.00 81984256.00
2007/10/18 18.58 18.58 18.00 18.00 36109.00 65487488.00
2007/10/19 18.08 18.30 17.75 17.78 29718.00 53132072.00
2007/10/22 17.68 17.68 16.99 17.38 62775.00 108476616.00
2007/10/23 17.21 17.75 17.20 17.65 47220.00 82604848.00
2007/10/24 17.61 18.00 17.45 17.61 70003.00 124566344.00
2007/10/25 17.59 17.59 16.30 16.31 77926.00 130103008.00
2007/10/26 16.25 17.94 16.23 17.54 95877.00 164923216.00
2007/10/29 17.41 18.05 16.71 17.98 59144.00 102245600.00
2007/10/30 17.91 18.45 17.51 18.24 66634.00 120830056.00
2007/10/31 18.34 18.85 18.28 18.49 77078.00 143080864.00
2007/11/01 18.56 18.60 18.00 18.20 33692.00 61335032.00
2007/11/05 18.40 18.50 17.82 17.83 25486.00 46165056.00
2007/11/06 17.90 18.40 17.80 18.01 16839.00 30270040.00
2007/11/07 18.06 18.10 17.58 18.05 24100.00 43057668.00
2007/11/08 18.00 18.25 17.40 17.51 26605.00 47724736.00
2007/11/09 17.21 17.84 17.18 17.57 31237.00 54820964.00
2007/11/12 17.40 17.40 16.40 16.59 37995.00 63882736.00
2007/11/13 16.80 17.64 16.80 17.28 78934.00 135867312.00
2007/11/14 17.50 18.00 17.20 17.91 59498.00 105567152.00
2007/11/15 17.95 18.25 17.82 17.96 42639.00 77179848.00
2007/11/16 18.00 18.00 17.48 17.75 11020.00 19479728.00
2007/11/19 17.95 18.28 17.80 18.16 18409.00 33439956.00
2007/11/20 18.01 18.68 18.01 18.40 33215.00 61227656.00
2007/11/21 18.47 18.69 18.01 18.03 25039.00 46235496.00
2007/11/22 18.00 18.10 17.41 17.44 18122.00 32288808.00
2007/11/23 17.50 17.75 17.00 17.74 12299.00 21474336.00
2007/11/26 17.99 18.80 17.91 18.48 53325.00 98628256.00
2007/11/27 18.44 18.64 17.98 18.04 23840.00 43753512.00
2007/11/28 18.15 18.57 17.80 18.04 21170.00 38589688.00
2007/11/29 18.18 18.55 17.90 18.47 28024.00 51550756.00
2007/11/30 18.47 18.80 18.28 18.51 45292.00 84388864.00
2007/12/03 18.47 18.85 18.30 18.42 17676.00 32808540.00
2007/12/04 18.42 18.68 18.09 18.19 23917.00 43556864.00
2007/12/05 18.20 18.48 18.00 18.47 44460.00 81111488.00
2007/12/06 18.50 18.99 18.18 18.95 70073.00 130657728.00
2007/12/07 18.80 19.18 18.62 18.99 47024.00 88718712.00
2007/12/10 18.83 19.44 18.65 19.30 46227.00 88949600.00
2007/12/11 19.48 19.57 19.15 19.39 37526.00 72491240.00
2007/12/12 19.28 20.45 19.20 19.95 87551.00 174398800.00
2007/12/13 19.81 20.45 19.15 19.19 62265.00 124215408.00
2007/12/14 19.01 19.70 18.89 19.63 28841.00 55603640.00
2007/12/17 19.70 20.23 19.40 19.44 35884.00 71538104.00
2007/12/18 19.42 19.74 19.19 19.35 14958.00 28994304.00
2007/12/19 19.50 20.45 19.50 20.06 56657.00 114260920.00
2007/12/20 20.38 20.80 20.20 20.42 43250.00 88721840.00
2007/12/21 20.34 20.67 20.15 20.46 28349.00 57921744.00
2007/12/24 20.51 21.15 20.51 20.96 49577.00 103576616.00
2007/12/25 20.90 21.05 20.75 21.00 34023.00 71247248.00
2007/12/26 21.02 21.18 20.30 20.74 48843.00 100837104.00
2007/12/27 20.80 21.07 20.47 20.71 58744.00 121803856.00
2007/12/28 20.81 21.16 20.49 20.98 85163.00 177240480.00
2008/01/02 20.95 22.20 20.95 22.15 103295.00 225597632.00
2008/01/03 22.17 22.68 21.89 22.28 85296.00 189505696.00
2008/01/04 22.18 22.34 21.78 22.28 59694.00 131466920.00
2008/01/07 22.31 23.10 22.10 23.03 53703.00 122243216.00
2008/01/08 23.03 23.10 21.80 22.11 64883.00 145248848.00
2008/01/09 22.05 22.66 21.80 22.65 33217.00 73807968.00
2008/01/10 22.86 22.86 22.01 22.43 42769.00 95081904.00
2008/01/11 22.25 22.25 21.53 21.75 50847.00 111253592.00
2008/01/14 21.75 22.18 21.35 21.97 40052.00 86921240.00
2008/01/15 21.52 22.00 21.18 21.73 66642.00 143516176.00
2008/01/16 21.65 22.18 21.45 22.02 63684.00 139088144.00
2008/01/17 22.00 22.15 20.13 21.10 67294.00 142802048.00
2008/01/18 21.11 21.24 20.60 20.69 40631.00 84634064.00
2008/01/21 20.69 21.00 19.45 19.49 39760.00 80237856.00
2008/01/22 18.94 19.58 18.12 18.78 112371.00 212924720.00
2008/01/23 19.02 19.91 18.80 19.57 36253.00 70265600.00
2008/01/24 19.58 20.30 19.58 19.82 35807.00 71796256.00
2008/01/25 19.90 20.11 19.17 19.33 32097.00 63146392.00
2008/01/28 19.50 19.58 18.05 18.84 37250.00 69794576.00
2008/01/29 18.80 19.14 18.53 18.88 16912.00 31969800.00
2008/01/30 19.00 19.34 18.48 18.89 21233.00 40072952.00
2008/01/31 18.78 19.14 18.44 18.51 13997.00 26229224.00
2008/02/01 18.58 19.20 17.35 19.12 43485.00 79714984.00
2008/02/04 19.35 20.35 19.35 20.31 42392.00 84747888.00
2008/02/05 20.00 20.20 19.70 19.86 21842.00 43533496.00
2008/02/13 19.80 20.00 18.99 19.01 23437.00 45435592.00
2008/02/14 19.21 19.50 19.02 19.28 7917.00 15204838.00
2008/02/15 19.28 19.33 18.80 18.98 19033.00 36125704.00
2008/02/18 19.03 19.36 18.98 19.23 17638.00 33720420.00
2008/02/19 19.26 19.69 18.98 19.60 36133.00 69492544.00
2008/02/20 19.60 19.74 18.98 19.09 19882.00 38461608.00
2008/02/21 18.85 19.16 18.60 18.93 24802.00 46598720.00
2008/02/22 18.90 18.90 18.08 18.19 28040.00 51472608.00
2008/02/25 18.01 18.19 17.33 17.37 19554.00 34739380.00
2008/02/26 17.67 18.10 17.26 17.69 14112.00 24855020.00
2008/02/27 17.88 17.99 17.71 17.90 13856.00 24771230.00
2008/02/28 18.00 18.00 17.60 17.77 8121.00 14450214.00
2008/02/29 17.77 18.30 17.77 18.17 11223.00 20304394.00
2008/03/03 18.00 18.48 17.90 18.25 40494.00 73513800.00
2008/03/04 18.30 18.56 17.95 18.03 22893.00 41823876.00
2008/03/05 18.00 18.03 17.36 17.62 38728.00 67933432.00
2008/03/06 17.50 17.85 17.38 17.70 14957.00 26393062.00
2008/03/07 17.69 17.99 17.43 17.90 16267.00 28856996.00
2008/03/10 17.90 17.90 17.50 17.59 13712.00 24143986.00
2008/03/11 17.56 17.56 16.98 17.39 12891.00 22211584.00
2008/03/12 17.60 17.76 16.02 16.37 56722.00 94547856.00
2008/03/13 16.30 16.55 16.07 16.18 28336.00 46086120.00
2008/03/14 16.08 16.38 15.58 15.98 19171.00 30476718.00
2008/03/17 15.90 16.06 15.46 15.48 24390.00 38542480.00
2008/03/18 15.48 15.56 14.38 14.57 30225.00 44722512.00
2008/03/19 14.86 15.50 14.40 15.20 43662.00 65555956.00
2008/03/20 15.00 15.78 14.20 15.49 61893.00 93237968.00
2008/03/21 15.59 16.24 15.33 16.11 56084.00 88181816.00
2008/03/24 16.40 16.48 15.00 15.15 40972.00 64552024.00
2008/03/25 14.55 15.89 14.42 15.47 41101.00 63096908.00
2008/03/26 15.50 15.76 15.25 15.42 39968.00 62021280.00
2008/03/27 15.01 15.19 14.40 14.75 40573.00 60063072.00
2008/03/28 14.60 15.05 13.82 14.97 37758.00 55000076.00
2008/03/31 14.47 14.59 13.95 13.99 37146.00 52835084.00
2008/04/01 14.00 14.49 13.41 13.72 37644.00 52832640.00
2008/04/02 13.76 14.03 13.18 13.60 21983.00 29985236.00
2008/04/03 13.57 14.23 13.30 14.18 20858.00 28991736.00
2008/04/07 14.06 15.35 13.80 15.33 37378.00 55606500.00
2008/04/08 15.35 15.68 15.02 15.36 29801.00 46113956.00
2008/04/09 15.37 15.97 14.80 15.06 37336.00 57799272.00
2008/04/10 14.99 15.68 14.80 15.54 33974.00 52064696.00
2008/04/11 15.47 15.75 15.21 15.56 18811.00 29186272.00
2008/04/14 15.30 15.62 14.95 15.16 23766.00 36135172.00
2008/04/15 15.17 16.15 14.89 16.09 33763.00 52534604.00
2008/04/16 16.06 16.28 15.61 15.72 23399.00 37349252.00
2008/04/17 15.72 16.15 15.00 15.34 20211.00 31162392.00
2008/04/18 15.25 15.25 14.02 14.75 21340.00 31591780.00
2008/04/21 15.98 15.98 13.50 13.56 54710.00 79170440.00
2008/04/22 13.25 14.80 13.00 14.57 34938.00 48211180.00
2008/04/23 14.27 15.38 14.20 15.07 27469.00 41177224.00
2008/04/24 16.30 16.57 15.35 16.34 106446.00 170892768.00
2008/04/25 15.97 16.25 15.50 15.62 57803.00 91682672.00
2008/04/28 15.40 15.70 15.05 15.41 32193.00 49837480.00
2008/04/29 15.38 16.15 15.21 16.09 29299.00 46495568.00
2008/04/30 16.23 16.40 15.81 16.15 64654.00 104048408.00
2008/05/05 16.21 16.39 15.69 16.29 55938.00 89707608.00
2008/05/06 16.29 16.29 15.78 16.09 31121.00 49816780.00
2008/05/07 16.15 16.55 15.72 15.75 61950.00 100563352.00
2008/05/08 15.65 15.79 15.30 15.78 31471.00 48809752.00
2008/05/09 15.70 15.85 14.66 15.06 42974.00 65438272.00
2008/05/12 14.89 15.43 14.60 15.20 22520.00 33956336.00
2008/05/13 14.65 15.20 14.65 15.01 23665.00 35457052.00
2008/05/14 14.92 15.65 14.90 15.55 21738.00 33460586.00
2008/05/15 15.64 15.93 15.50 15.56 22438.00 35254952.00
2008/05/16 15.56 15.70 15.03 15.23 18664.00 28663554.00
2008/05/19 15.30 15.38 15.00 15.18 11791.00 17865408.00
2008/05/20 15.18 15.68 14.66 14.79 34488.00 52190688.00
2008/05/21 14.68 14.90 13.95 14.81 20473.00 29424766.00
2008/05/22 14.50 14.67 14.22 14.36 16749.00 24136836.00
2008/05/23 14.30 14.45 14.00 14.08 19238.00 27209102.00
2008/05/26 14.10 14.10 13.20 13.30 33572.00 45479192.00
2008/05/27 13.35 13.54 13.13 13.51 14762.00 19726912.00
2008/05/28 13.50 13.99 13.39 13.97 17889.00 24572672.00
2008/05/29 13.96 13.96 13.50 13.51 9962.00 13703848.00
2008/05/30 13.51 13.74 13.47 13.60 11286.00 15310988.00
2008/06/02 13.60 13.64 13.29 13.41 13899.00 18657136.00
2008/06/03 13.44 13.56 13.06 13.54 22176.00 29413198.00
