2007/06/04 10.83 11.15 9.80 10.06 1233674.00 1280403584.00
2007/06/05 10.01 10.73 9.66 10.70 1585318.00 1616856704.00
2007/06/06 10.82 10.82 10.30 10.65 1449126.00 1532243840.00
2007/06/07 10.65 10.88 10.36 10.86 1606518.00 1711195520.00
2007/06/08 10.86 10.98 10.66 10.74 1149732.00 1242882432.00
2007/06/11 10.76 11.00 10.60 10.98 1314285.00 1418021504.00
2007/06/12 11.08 11.84 11.01 11.79 1872672.00 2129401472.00
2007/06/13 11.90 12.00 11.68 11.81 1363114.00 1613671552.00
2007/06/14 11.80 11.80 11.25 11.34 981438.00 1124015104.00
2007/06/15 11.20 11.30 10.91 11.11 984165.00 1090877952.00
2007/06/18 11.25 11.38 11.12 11.28 1144453.00 1285688704.00
2007/06/19 11.30 11.57 11.21 11.25 986303.00 1120263424.00
2007/06/20 11.28 11.50 10.86 10.95 1006688.00 1132861824.00
2007/06/21 10.88 11.06 10.68 10.96 738666.00 801720448.00
2007/06/22 10.99 11.23 10.50 10.74 826212.00 907342080.00
2007/06/25 10.83 11.03 10.25 10.44 695316.00 743587136.00
2007/06/26 10.00 10.14 9.70 9.99 573696.00 566820864.00
2007/06/27 10.08 10.36 9.88 10.23 533410.00 539212672.00
2007/06/28 10.30 10.71 10.16 10.16 779258.00 812969984.00
2007/06/29 9.97 10.54 9.88 10.06 556180.00 569810176.00
2007/07/02 10.06 10.68 10.05 10.60 794546.00 831381824.00
2007/07/03 10.72 11.08 10.72 10.81 731330.00 797163712.00
2007/07/04 10.78 11.05 10.56 10.59 433897.00 470421312.00
2007/07/05 10.40 10.55 9.88 9.92 372689.00 377895232.00
2007/07/06 9.92 10.30 9.76 10.28 415672.00 417764256.00
2007/07/09 10.45 10.60 10.28 10.51 388915.00 406514368.00
2007/07/10 10.50 10.58 10.32 10.44 311317.00 325141312.00
2007/07/11 10.41 10.45 10.08 10.30 317217.00 325358656.00
2007/07/12 10.30 10.35 10.00 10.20 406325.00 411328096.00
2007/07/13 10.19 10.27 10.03 10.18 333977.00 338543168.00
2007/07/16 10.12 10.13 9.75 9.79 435644.00 431633536.00
2007/07/17 9.80 9.95 9.62 9.89 565385.00 552933696.00
2007/07/18 9.89 9.89 9.50 9.67 894476.00 862456256.00
2007/07/19 9.60 9.65 9.25 9.37 822283.00 769849984.00
2007/07/20 9.35 9.62 9.24 9.60 953089.00 903329024.00
2007/07/23 9.60 10.56 9.56 10.56 1623020.00 1667788544.00
2007/07/24 10.90 11.45 10.80 10.95 2508798.00 2780541184.00
2007/07/25 10.91 11.44 10.91 11.32 1224779.00 1375128576.00
2007/07/26 11.35 11.39 10.98 11.24 901649.00 1006628224.00
2007/07/27 11.12 11.92 10.98 11.73 1337431.00 1539388544.00
2007/07/30 11.73 12.80 11.69 12.56 1423805.00 1763390208.00
2007/07/31 12.59 13.22 12.59 12.64 1293804.00 1671155456.00
2007/08/01 12.80 13.11 12.30 12.48 1177614.00 1499382912.00
2007/08/02 12.77 13.38 12.75 13.09 1075084.00 1410721280.00
2007/08/03 13.24 13.55 13.13 13.40 981222.00 1313837952.00
2007/08/06 13.58 14.60 13.58 14.49 821820.00 1172278656.00
2007/08/07 14.61 15.12 14.41 14.80 906867.00 1345929216.00
2007/08/08 14.60 14.60 13.90 14.23 904125.00 1288877184.00
2007/08/10 14.53 15.24 14.52 14.78 936165.00 1394538624.00
2007/08/13 14.85 15.10 14.21 14.34 855843.00 1261059840.00
2007/08/14 14.20 14.41 13.80 14.33 688057.00 968177216.00
2007/08/15 14.25 14.84 14.00 14.55 704007.00 1005396224.00
2007/08/16 14.56 14.58 13.87 14.01 624905.00 880566976.00
2007/08/17 13.80 14.58 13.70 13.83 596227.00 838335744.00
2007/08/20 14.50 15.21 14.30 15.21 1284688.00 1927508736.00
2007/08/21 15.60 15.85 15.32 15.37 833431.00 1299043584.00
2007/08/22 15.00 15.85 14.88 15.39 695110.00 1079624704.00
2007/08/23 15.39 15.58 15.00 15.50 617067.00 944610304.00
2007/08/24 15.58 16.42 15.50 16.14 639918.00 1028769728.00
2007/08/27 16.22 16.95 16.22 16.65 660810.00 1104168064.00
2007/08/28 16.50 16.90 16.01 16.63 466043.00 768888832.00
2007/08/29 16.50 16.55 15.98 15.99 484744.00 783023872.00
2007/08/30 16.00 16.26 15.70 16.15 447372.00 716010496.00
2007/08/31 16.16 17.10 16.13 16.90 592641.00 995738240.00
2007/09/03 17.00 18.55 17.00 18.30 673844.00 1210788480.00
2007/09/04 18.46 18.66 17.90 17.97 494925.00 900565120.00
2007/09/05 17.90 18.45 17.60 18.20 370799.00 667053120.00
2007/09/06 18.27 19.52 18.27 18.78 625295.00 1181210752.00
2007/09/07 18.70 19.00 18.35 18.39 525197.00 972928192.00
2007/09/10 18.00 19.06 17.72 19.04 479882.00 889508608.00
2007/09/11 19.05 19.22 17.80 17.89 539061.00 1004824000.00
2007/09/12 17.68 18.22 17.15 18.16 632662.00 1122799616.00
2007/09/13 18.17 19.21 17.89 19.19 756471.00 1426086528.00
2007/09/14 19.19 21.11 18.99 20.59 874738.00 1766885888.00
2007/09/17 20.44 21.30 20.20 20.99 590006.00 1239366400.00
2007/09/18 21.09 21.30 18.99 19.58 1074708.00 2130064512.00
2007/09/19 19.65 19.85 18.17 19.48 961608.00 1798138496.00
2007/09/20 19.65 19.75 18.90 19.28 642317.00 1239645696.00
2007/09/21 19.35 19.38 17.98 18.33 774619.00 1417351808.00
2007/09/24 18.10 18.59 17.00 18.57 744511.00 1317931776.00
2007/09/25 18.57 18.57 17.38 17.61 553324.00 980896576.00
2007/09/26 17.39 17.90 16.80 17.04 693321.00 1196803840.00
2007/09/27 17.10 17.60 17.10 17.57 458332.00 791481920.00
2007/09/28 17.79 18.07 17.40 17.67 789399.00 1400049664.00
2007/10/08 18.10 18.25 16.99 17.16 1104593.00 1906099968.00
2007/10/09 17.20 17.46 16.40 17.30 1006771.00 1687310080.00
2007/10/10 17.32 18.50 17.26 17.91 1244854.00 2230479360.00
2007/10/11 18.00 18.17 17.55 17.95 572932.00 1025859200.00
2007/10/12 18.11 18.72 17.35 18.37 1039281.00 1901164288.00
2007/10/15 18.50 20.07 17.86 20.00 1600739.00 3048385792.00
2007/10/16 20.17 20.83 19.50 19.70 1031143.00 2064234880.00
2007/10/17 19.51 20.00 18.90 19.18 533543.00 1035574720.00
2007/10/18 19.00 19.02 17.75 17.81 606451.00 1101268736.00
2007/10/19 18.00 18.19 17.37 17.66 405749.00 716962048.00
2007/10/22 17.29 17.47 16.66 16.76 553800.00 939618304.00
2007/10/23 16.70 17.45 16.50 17.40 587708.00 989365184.00
2007/10/24 17.40 17.70 17.02 17.24 416445.00 723151680.00
2007/10/25 16.97 17.16 15.89 15.99 584750.00 955393280.00
2007/10/26 15.88 16.45 15.70 16.22 437079.00 702722304.00
2007/10/29 16.40 17.08 16.31 17.06 374354.00 623382144.00
2007/10/30 17.28 17.29 16.40 17.17 576816.00 970815552.00
2007/10/31 17.17 17.55 16.50 17.21 482226.00 831836480.00
2007/11/01 17.18 17.18 16.29 16.42 713165.00 1177955968.00
2007/11/02 16.15 16.15 15.50 15.55 626865.00 986778624.00
2007/11/05 15.60 16.20 15.38 15.98 396191.00 626683328.00
2007/11/06 15.95 16.40 15.46 15.57 365441.00 582364800.00
2007/11/07 15.70 15.97 14.98 15.59 404508.00 616026240.00
2007/11/08 15.46 15.46 14.80 14.86 380549.00 571676544.00
2007/11/09 14.60 14.90 14.40 14.43 293911.00 428537888.00
2007/11/12 14.00 14.86 13.15 14.55 538815.00 752764416.00
2007/11/13 14.68 15.36 14.44 14.69 647110.00 965415168.00
2007/11/14 15.09 15.55 14.75 15.53 637228.00 967259456.00
2007/11/15 15.65 15.78 15.15 15.19 358834.00 554611520.00
2007/11/16 14.90 15.10 14.55 14.89 249119.00 369756160.00
2007/11/19 15.05 15.60 15.02 15.41 278803.00 428872928.00
2007/11/20 15.25 16.25 15.00 15.94 581370.00 917929472.00
2007/11/21 16.10 16.49 15.65 15.69 397684.00 641498432.00
2007/11/22 15.33 15.82 15.17 15.23 265209.00 407993056.00
2007/11/23 15.13 15.43 14.89 15.42 252166.00 383954880.00
2007/11/26 15.82 15.85 14.99 15.01 245465.00 374527456.00
2007/11/27 14.84 15.29 14.70 14.73 185307.00 276204512.00
2007/11/28 14.99 15.10 14.45 14.62 263906.00 389124352.00
2007/11/29 14.88 15.20 14.10 15.00 574971.00 842656128.00
2007/11/30 14.98 14.98 14.30 14.36 323815.00 470537248.00
2007/12/04 14.61 15.60 14.61 15.39 760451.00 1165329536.00
2007/12/05 15.38 16.90 15.35 16.69 1102567.00 1809403648.00
2007/12/06 16.75 16.95 16.31 16.82 592166.00 987203328.00
2007/12/07 16.85 17.62 16.85 17.16 544479.00 943978304.00
2007/12/10 17.00 17.72 16.83 17.44 539422.00 938862208.00
2007/12/11 17.50 17.60 16.81 17.20 412927.00 708846848.00
2007/12/12 16.98 17.52 16.88 17.09 326455.00 563158720.00
2007/12/13 16.98 17.16 16.07 16.09 625670.00 1032947968.00
2007/12/14 15.80 16.65 15.71 16.57 384795.00 624695040.00
2007/12/17 16.59 17.10 16.28 16.32 230019.00 381484096.00
2007/12/18 16.30 16.70 15.97 16.67 300178.00 488520864.00
2007/12/19 16.77 17.98 16.77 17.86 798069.00 1396277248.00
2007/12/20 17.95 18.25 17.73 18.18 693555.00 1252598272.00
2007/12/21 18.05 18.65 18.01 18.34 484967.00 892244224.00
2007/12/24 18.18 18.60 17.74 18.24 646101.00 1173605632.00
2007/12/25 18.23 19.11 18.01 18.76 598197.00 1125991040.00
2007/12/26 18.82 19.00 18.55 18.91 324032.00 608706048.00
2007/12/27 19.00 19.54 18.80 19.50 463239.00 891569984.00
2007/12/28 19.57 19.92 19.28 19.70 502322.00 991328896.00
2008/01/02 19.79 19.89 19.00 19.30 269844.00 521380832.00
2008/01/03 19.09 20.78 18.45 20.68 885747.00 1717741312.00
2008/01/04 20.46 20.85 20.40 20.42 587334.00 1212582272.00
2008/01/07 20.11 21.06 20.04 20.76 381938.00 792325824.00
2008/01/08 20.85 21.88 20.81 21.01 592327.00 1269776768.00
2008/01/09 20.77 21.92 20.65 21.58 516406.00 1115989632.00
2008/01/10 21.57 23.10 21.57 22.60 623150.00 1411998592.00
2008/01/11 23.00 23.00 22.06 22.45 351944.00 786150656.00
2008/01/14 22.80 23.10 22.19 22.71 223602.00 508845440.00
2008/01/15 23.00 23.68 22.55 22.86 401489.00 925883136.00
2008/01/16 22.71 22.90 21.44 21.66 601121.00 1314667648.00
2008/01/17 21.54 22.00 20.00 20.74 919172.00 1912115840.00
2008/01/18 20.70 21.39 20.48 20.89 331163.00 693020608.00
2008/01/21 20.92 21.30 19.70 19.85 332123.00 678633536.00
2008/01/22 19.00 20.56 18.53 19.42 666312.00 1292713984.00
2008/01/23 20.00 20.60 19.46 20.58 528494.00 1059263424.00
2008/01/24 20.66 20.80 19.60 19.89 552271.00 1111096192.00
2008/01/25 19.60 20.50 18.58 19.54 693863.00 1338065024.00
2008/01/28 19.00 19.10 17.71 17.75 365352.00 675100736.00
2008/01/29 17.80 18.50 17.45 17.79 239045.00 427149408.00
2008/01/30 18.10 18.50 17.30 18.24 361439.00 656130432.00
2008/01/31 18.14 19.26 17.80 18.64 511910.00 966450368.00
2008/02/01 18.70 19.50 18.00 19.42 479894.00 911804224.00
2008/02/04 20.00 21.36 20.00 21.36 875936.00 1852440064.00
2008/02/05 21.28 22.00 20.95 21.09 438826.00 944188288.00
2008/02/13 20.70 21.00 19.91 20.07 225402.00 462355232.00
2008/02/14 20.40 20.98 20.01 20.37 135539.00 277744192.00
2008/02/15 20.30 20.70 19.65 20.65 192238.00 384882880.00
2008/02/18 20.80 22.00 19.95 21.31 559285.00 1187307392.00
2008/02/19 21.31 22.30 21.00 22.07 491933.00 1084060672.00
2008/02/20 22.17 22.91 21.50 21.58 393137.00 871962816.00
2008/02/21 21.49 22.62 21.30 22.26 379263.00 833854336.00
2008/02/22 22.08 22.12 20.20 20.91 593721.00 1241578624.00
2008/02/25 20.91 21.04 19.50 20.09 517375.00 1052502528.00
2008/02/26 20.90 20.99 18.88 19.42 447166.00 881195840.00
2008/02/27 19.80 20.05 19.20 19.99 408627.00 798082304.00
2008/02/28 20.00 20.82 19.40 20.42 403081.00 810591104.00
2008/02/29 20.40 20.66 20.00 20.32 250087.00 508155808.00
2008/03/03 20.07 20.65 19.75 20.58 295534.00 599686400.00
2008/03/04 20.60 20.80 19.28 19.41 505853.00 1004058560.00
2008/03/05 19.20 19.58 17.50 18.19 803706.00 1464122624.00
2008/03/06 18.35 19.38 17.49 18.69 767090.00 1400338304.00
2008/03/07 18.01 19.12 17.98 18.60 329744.00 615544576.00
2008/03/10 18.44 18.44 17.50 17.62 341015.00 610359360.00
2008/03/11 17.46 17.46 16.70 17.27 290506.00 496590560.00
2008/03/12 17.80 18.00 16.25 16.40 383398.00 647486976.00
2008/03/13 16.00 16.45 15.48 16.14 385354.00 611241984.00
2008/03/14 15.95 16.38 15.40 16.37 323731.00 513556704.00
2008/03/17 16.25 16.25 15.23 15.33 253638.00 396837792.00
2008/03/18 15.18 15.68 14.31 14.96 366197.00 544851776.00
2008/03/19 15.31 15.76 14.76 15.34 700472.00 1069791872.00
2008/03/20 15.00 16.70 14.30 16.56 562934.00 883066368.00
2008/03/21 16.42 17.85 16.18 17.46 771754.00 1315162496.00
2008/03/24 17.80 17.89 15.80 15.81 557614.00 934113088.00
2008/03/25 15.35 16.44 15.20 16.42 595962.00 950888576.00
2008/03/26 16.47 17.04 16.16 16.47 545038.00 910172096.00
2008/03/27 15.90 16.20 15.00 15.01 572428.00 887200640.00
2008/03/28 14.71 15.70 14.01 15.31 888024.00 1323696128.00
2008/03/31 14.70 14.95 14.16 14.19 466746.00 678249792.00
2008/04/01 14.22 14.40 12.80 13.06 887842.00 1176810752.00
2008/04/02 13.11 13.75 12.35 13.20 548575.00 720332800.00
2008/04/03 13.00 14.32 12.81 14.29 570149.00 788262592.00
2008/04/07 14.00 15.20 13.71 14.99 607611.00 899083008.00
2008/04/08 15.10 15.40 14.64 15.16 525404.00 790030592.00
2008/04/09 15.08 15.92 14.85 15.00 606970.00 930256768.00
2008/04/10 14.68 15.40 14.12 15.20 287184.00 426673728.00
2008/04/11 15.30 15.80 14.99 15.09 265223.00 407233600.00
2008/04/14 14.89 14.99 13.65 13.94 392955.00 557208384.00
2008/04/15 13.70 14.16 12.90 14.15 359667.00 485438464.00
2008/04/16 14.05 14.10 13.28 13.36 231870.00 315989856.00
2008/04/17 13.20 13.80 12.43 12.70 436807.00 563877760.00
2008/04/18 12.43 12.67 11.80 12.02 347760.00 421504960.00
2008/04/21 13.00 13.00 11.81 11.99 534624.00 660976448.00
2008/04/22 11.99 13.15 11.51 13.07 354751.00 440392096.00
2008/04/23 12.82 14.01 12.82 13.82 654588.00 885985792.00
2008/04/24 15.20 15.20 14.65 15.20 1029343.00 1552375296.00
2008/04/25 15.18 16.70 15.00 15.59 1001641.00 1588778752.00
2008/04/28 15.39 16.05 15.21 15.28 549675.00 857267648.00
2008/04/29 15.20 16.05 15.11 15.81 367557.00 578406720.00
2008/04/30 15.90 17.00 15.90 16.94 870202.00 1458714752.00
2008/05/05 17.45 17.45 16.70 17.24 496093.00 845805248.00
2008/05/06 17.18 17.63 16.56 17.07 490589.00 840044864.00
2008/05/07 16.80 17.35 16.13 16.16 526486.00 881131008.00
2008/05/08 15.95 16.80 15.85 16.70 351907.00 576012160.00
2008/05/09 16.74 17.41 16.50 16.81 570515.00 965591936.00
2008/05/12 16.60 17.30 16.30 16.97 375166.00 635146752.00
2008/05/13 16.50 18.15 16.46 17.69 764520.00 1353641216.00
2008/05/14 18.00 18.05 17.33 17.85 436148.00 775443840.00
2008/05/16 17.81 18.27 17.40 17.61 408560.00 732947264.00
2008/05/19 17.68 17.83 17.08 17.23 221780.00 383497024.00
2008/05/20 17.25 17.47 16.08 16.38 327212.00 550502208.00
2008/05/21 16.05 16.82 15.50 16.72 303326.00 488521920.00
2008/05/22 16.40 16.77 15.75 16.10 413133.00 668793728.00
2008/05/23 15.90 16.15 15.25 15.52 437531.00 679254464.00
2008/05/26 15.26 15.30 14.45 14.53 351593.00 520046784.00
2008/05/27 14.53 14.98 14.04 14.80 451932.00 659392128.00
2008/05/28 14.73 15.56 14.52 15.29 351376.00 528928160.00
2008/05/29 15.16 15.34 14.65 14.69 323324.00 483490304.00
2008/05/30 14.63 15.22 14.55 15.07 270716.00 403648448.00
2008/06/02 14.95 15.09 14.72 14.89 235450.00 350165376.00
2008/06/03 14.85 15.50 14.81 15.07 324291.00 491983200.00
