2007/06/04 33.76 33.99 31.00 32.44 282444.00 921965312.00
2007/06/05 31.90 33.00 29.20 32.79 329276.00 1032631552.00
2007/06/06 31.90 32.86 31.00 32.27 236677.00 756290880.00
2007/06/07 32.41 34.00 32.16 32.73 255289.00 845447232.00
2007/06/08 32.70 32.70 31.18 31.60 272817.00 862057728.00
2007/06/11 31.60 32.95 30.70 32.32 398197.00 1250200064.00
2007/06/12 31.90 32.57 31.00 32.39 310928.00 987881344.00
2007/06/13 32.30 34.30 32.30 33.63 378746.00 1271766528.00
2007/06/14 33.21 34.78 32.35 34.19 340053.00 1152513024.00
2007/06/15 33.51 36.83 33.50 35.91 427098.00 1527175424.00
2007/06/18 36.40 38.23 36.40 36.99 447069.00 1681089792.00
2007/06/19 36.55 38.10 36.30 36.97 225558.00 844027776.00
2007/06/20 36.97 36.97 35.20 35.31 144516.00 520952736.00
2007/06/21 35.20 37.16 35.19 36.40 235682.00 850195392.00
2007/06/22 36.40 38.50 35.85 37.39 223016.00 835928064.00
2007/06/25 37.32 39.15 37.31 37.87 353977.00 1363149312.00
2007/06/26 37.40 38.00 35.90 37.19 199878.00 738655744.00
2007/06/27 37.19 38.80 36.61 38.65 202848.00 766207360.00
2007/06/28 38.71 39.50 37.39 37.59 128204.00 492407712.00
2007/06/29 36.80 38.05 36.18 36.59 165049.00 608470528.00
2007/07/02 36.20 36.50 34.34 35.48 164983.00 583619328.00
2007/07/03 35.48 36.32 34.50 35.89 96484.00 344585952.00
2007/07/04 35.95 36.20 34.10 34.28 109049.00 379273280.00
2007/07/05 33.71 34.40 33.33 33.55 68323.00 230506496.00
2007/07/06 33.15 34.70 32.52 34.64 105948.00 353114944.00
2007/07/09 34.71 36.20 34.00 35.63 126299.00 441856864.00
2007/07/10 35.73 37.34 35.73 36.16 131907.00 483763456.00
2007/07/11 35.98 36.85 35.60 36.45 99966.00 361046336.00
2007/07/12 36.65 37.32 36.15 37.30 118566.00 439049312.00
2007/07/13 37.30 37.30 35.90 36.44 42550.00 154553872.00
2007/07/16 36.68 36.68 34.80 34.89 52769.00 187154304.00
2007/07/17 34.66 36.72 34.30 36.33 115114.00 408278048.00
2007/07/18 36.14 38.20 36.11 36.58 280916.00 1046802112.00
2007/07/19 36.25 37.80 36.25 37.38 147843.00 549218048.00
2007/07/20 37.56 41.12 37.38 41.07 471575.00 1857477760.00
2007/07/23 41.40 42.80 41.15 41.68 253212.00 1059717952.00
2007/07/24 41.75 42.50 40.55 41.83 187912.00 779881152.00
2007/07/25 42.00 43.00 41.83 42.30 119484.00 506574560.00
2007/07/26 42.30 42.35 41.13 41.38 133738.00 555125184.00
2007/07/27 41.00 41.00 39.82 40.47 163585.00 659186176.00
2007/07/30 40.30 41.30 39.90 41.00 167418.00 682262464.00
2007/07/31 40.70 41.10 39.50 40.25 212695.00 854468864.00
2007/08/01 40.55 42.19 40.00 40.39 216849.00 893684288.00
2007/08/02 40.70 42.27 40.70 41.81 178893.00 745423616.00
2007/08/03 42.11 44.58 42.11 44.23 272466.00 1191030528.00
2007/08/06 44.60 46.17 43.30 45.04 153587.00 687913856.00
2007/08/07 45.00 45.45 43.95 44.09 151665.00 673636736.00
2007/08/08 43.42 45.48 43.00 44.00 189407.00 845227648.00
2007/08/09 43.80 46.08 43.80 45.20 168625.00 762811456.00
2007/08/10 45.22 45.70 43.51 44.59 146096.00 649342208.00
2007/08/13 44.56 46.00 40.14 44.00 251801.00 1124867200.00
2007/08/14 43.50 46.11 43.01 45.48 270155.00 1213264512.00
2007/08/15 45.50 46.50 44.88 45.95 143584.00 654710400.00
2007/08/16 45.69 46.02 43.90 44.27 105203.00 473064352.00
2007/08/17 43.83 44.70 41.80 42.04 242393.00 1045747456.00
2007/08/20 43.14 45.05 43.14 44.96 189499.00 844140352.00
2007/08/21 45.10 47.40 44.98 46.90 236165.00 1087791360.00
2007/08/22 46.01 50.09 46.01 49.39 281288.00 1380210560.00
2007/08/23 49.39 51.00 48.25 49.95 239773.00 1177694848.00
2007/08/24 49.85 53.25 49.50 52.68 293155.00 1522120320.00
2007/08/27 52.68 54.28 51.50 52.01 210760.00 1115212672.00
2007/08/28 52.00 53.39 50.98 52.00 178001.00 932699264.00
2007/08/29 52.00 53.35 51.50 51.88 122212.00 640748800.00
2007/08/30 52.48 53.83 52.48 52.96 126702.00 671902528.00
2007/08/31 53.00 55.10 52.90 55.00 162347.00 877873856.00
2007/09/03 55.38 57.90 55.38 56.04 171063.00 964030784.00
2007/09/04 56.00 56.50 53.40 54.37 187613.00 1023684672.00
2007/09/05 54.00 54.40 52.50 53.19 115662.00 616621760.00
2007/09/06 53.38 54.70 52.20 53.25 203688.00 1086269568.00
2007/09/07 52.20 53.83 50.90 51.91 114633.00 600798464.00
2007/09/10 51.00 53.65 50.18 53.19 107625.00 565722048.00
2007/09/11 53.13 54.10 50.48 50.95 111278.00 582538624.00
2007/09/12 50.14 51.79 49.30 49.76 147140.00 738440256.00
2007/09/13 50.29 51.75 49.70 50.91 140833.00 719145536.00
2007/09/14 51.02 52.18 50.05 50.91 154546.00 792713792.00
2007/09/17 51.40 52.65 51.26 51.56 293775.00 1523956992.00
2007/09/18 51.97 52.28 49.30 49.90 126994.00 634541696.00
2007/09/19 49.65 51.10 48.95 49.52 78875.00 393273696.00
2007/09/20 49.91 51.08 49.10 49.74 116792.00 584244608.00
2007/09/21 49.71 50.30 47.70 48.98 183068.00 885289728.00
2007/09/24 49.00 50.25 48.82 50.20 167215.00 833761472.00
2007/09/25 50.53 51.00 49.16 49.72 81275.00 404894880.00
2007/09/26 49.20 50.92 48.58 48.71 209936.00 1053049344.00
2007/09/27 48.62 50.60 48.62 50.40 191963.00 962812672.00
2007/09/28 51.17 52.79 50.55 52.50 176109.00 909139072.00
2007/10/08 53.64 56.15 53.20 55.10 193186.00 1058083328.00
2007/10/09 55.10 56.01 53.51 54.98 86597.00 479151488.00
2007/10/10 55.00 56.88 53.71 54.13 112873.00 626077760.00
2007/10/11 54.26 56.15 54.26 55.97 230665.00 1276419840.00
2007/10/12 55.99 57.38 51.50 54.99 144462.00 798876288.00
2007/10/15 55.00 56.10 52.50 53.96 180019.00 986766528.00
2007/10/16 54.01 56.10 54.01 55.07 184583.00 1022340992.00
2007/10/17 54.91 57.10 53.51 54.73 290389.00 1618539776.00
2007/10/18 54.60 54.73 51.50 51.65 139783.00 733317440.00
2007/10/19 52.18 52.83 50.11 51.21 145477.00 751472640.00
2007/10/22 50.88 52.32 49.46 52.00 114648.00 587169600.00
2007/10/23 51.88 53.50 51.55 52.59 163961.00 861660864.00
2007/10/24 53.10 56.30 52.52 54.97 166058.00 910689536.00
2007/10/25 54.69 56.40 54.40 55.07 143873.00 798588736.00
2007/10/26 54.80 58.50 54.00 58.07 185884.00 1067796224.00
2007/10/29 57.55 60.91 57.10 58.05 165028.00 977300224.00
2007/10/30 58.06 58.70 56.70 57.75 117980.00 677787264.00
2007/10/31 58.85 59.29 56.30 58.79 155240.00 888058752.00
2007/11/01 58.20 60.08 57.55 59.68 88095.00 521822272.00
2007/11/02 58.95 59.79 56.70 57.87 54718.00 317960352.00
2007/11/05 56.80 57.80 54.82 54.91 70403.00 396680224.00
2007/11/06 54.64 55.50 54.00 54.20 81725.00 447091200.00
2007/11/07 54.50 55.80 54.12 55.68 59333.00 325132928.00
2007/11/08 55.70 55.70 52.32 52.99 102388.00 555462912.00
2007/11/09 52.40 54.37 52.31 53.68 129116.00 688680448.00
2007/11/12 52.43 55.78 52.43 55.44 221986.00 1205325824.00
2007/11/13 55.97 56.37 52.00 52.88 64179.00 348052800.00
2007/11/14 53.20 54.25 51.70 53.91 105653.00 560339776.00
2007/11/15 53.85 55.99 53.50 54.78 74625.00 407939680.00
2007/11/16 54.00 54.78 52.50 52.86 45467.00 242119904.00
2007/11/19 52.66 53.30 50.26 50.80 90253.00 460773696.00
2007/11/20 50.50 51.00 48.80 50.28 110773.00 550584832.00
2007/11/21 50.41 52.09 49.19 49.36 82684.00 418880320.00
2007/11/22 49.00 49.33 46.40 46.92 131900.00 632840512.00
2007/11/23 46.50 48.10 46.50 48.00 54252.00 258000272.00
2007/11/26 48.56 50.00 47.60 47.82 106790.00 523872704.00
2007/11/27 47.69 48.50 47.00 47.69 30358.00 145281216.00
2007/11/28 48.03 48.66 47.56 47.96 28991.00 139229728.00
2007/11/29 48.88 52.08 48.50 51.71 133525.00 668233280.00
2007/11/30 51.80 52.20 50.49 51.89 105728.00 545344448.00
2007/12/03 51.36 54.51 51.12 53.66 112701.00 604925248.00
2007/12/04 53.69 54.65 52.70 53.17 60119.00 323908608.00
2007/12/05 53.00 54.25 52.95 53.96 56509.00 304709632.00
2007/12/06 54.05 55.98 53.35 55.77 104178.00 576047936.00
2007/12/07 55.80 56.10 55.00 55.60 48584.00 269477024.00
2007/12/10 54.11 54.42 53.31 54.26 165826.00 895458112.00
2007/12/11 54.30 54.70 51.90 53.06 133996.00 709026304.00
2007/12/12 52.24 52.24 49.18 49.93 283445.00 1416598912.00
2007/12/13 49.12 50.23 48.38 48.47 197452.00 972684480.00
2007/12/14 48.03 49.50 47.71 49.47 160676.00 783049472.00
2007/12/17 48.99 48.99 45.90 46.51 175296.00 829349440.00
2007/12/18 46.25 47.50 45.50 46.02 110979.00 514131936.00
2007/12/19 46.51 47.80 46.46 47.37 75296.00 354723712.00
2007/12/20 47.90 50.10 47.50 49.41 98929.00 483544384.00
2007/12/21 49.10 50.46 48.77 49.13 154450.00 765534528.00
2007/12/24 49.61 50.35 49.15 50.07 136832.00 681755904.00
2007/12/25 50.20 50.80 49.79 50.24 136292.00 686450048.00
2007/12/26 50.27 51.04 49.50 50.09 166403.00 838427008.00
2007/12/27 50.02 51.60 49.45 51.57 251087.00 1266810752.00
2007/12/28 51.50 53.15 51.21 52.80 153609.00 806731136.00
2008/01/02 53.00 55.05 51.81 53.55 131583.00 709842240.00
2008/01/03 53.00 53.55 49.58 50.87 211346.00 1065804736.00
2008/01/04 50.95 53.61 50.02 53.01 139249.00 729358848.00
2008/01/07 52.78 56.45 52.68 55.99 228043.00 1268890624.00
2008/01/08 56.20 57.19 56.00 56.39 161255.00 915188672.00
2008/01/09 56.39 57.50 55.50 56.86 102510.00 583029056.00
2008/01/10 57.08 57.88 56.50 56.96 217966.00 1247290752.00
2008/01/11 56.90 61.97 56.90 61.59 231544.00 1375414656.00
2008/01/14 61.00 61.39 59.00 59.19 142918.00 862987456.00
2008/01/15 59.68 61.13 58.88 59.14 161221.00 970708416.00
2008/01/16 58.10 58.50 54.30 55.82 175253.00 991515840.00
2008/01/17 55.01 57.28 53.80 56.47 108674.00 602747392.00
2008/01/18 55.98 57.56 55.40 57.05 83246.00 472590912.00
2008/01/21 56.90 56.90 54.00 54.06 76277.00 420300224.00
2008/01/22 52.00 54.50 48.65 50.00 237330.00 1223597312.00
2008/01/23 51.20 52.94 50.60 52.21 142448.00 740609920.00
2008/01/24 52.80 53.08 49.99 51.46 109841.00 564173184.00
2008/01/25 51.00 54.28 49.21 53.20 224257.00 1165320960.00
2008/01/28 52.50 52.50 49.65 50.59 71825.00 365474368.00
2008/01/29 51.15 52.28 48.60 50.39 57172.00 285539840.00
2008/01/30 50.40 50.70 45.80 47.73 148542.00 714334656.00
2008/01/31 46.80 48.20 44.80 46.00 128975.00 596205120.00
2008/02/01 46.00 47.68 44.85 47.23 120039.00 559155392.00
2008/02/04 49.00 51.95 49.00 51.95 190051.00 977358656.00
2008/02/05 52.40 52.50 50.90 51.40 113230.00 587607680.00
2008/02/13 50.00 50.80 48.86 48.98 88990.00 443588960.00
2008/02/14 49.78 51.15 49.67 50.03 65639.00 331286304.00
2008/02/15 49.88 49.88 48.30 48.82 39435.00 192992960.00
2008/02/18 49.81 51.20 49.10 50.22 55581.00 279580512.00
2008/02/19 50.26 51.20 48.80 51.09 156283.00 777031936.00
2008/02/20 50.50 50.50 45.98 45.98 733089.00 3410120704.00
2008/02/21 42.10 44.62 41.50 43.23 427392.00 1846184064.00
2008/02/22 42.90 42.90 39.97 39.98 278454.00 1130322816.00
2008/02/25 39.71 39.80 38.25 39.00 191011.00 744063296.00
2008/02/26 40.48 41.80 39.45 40.49 238235.00 963411456.00
2008/02/27 40.38 42.12 38.80 40.62 281057.00 1156693888.00
2008/02/28 39.48 41.63 39.21 40.89 150331.00 617630592.00
2008/02/29 41.01 42.30 41.00 42.13 174202.00 731488384.00
2008/03/03 41.65 43.05 40.78 42.83 131700.00 556559296.00
2008/03/04 42.85 43.00 38.90 38.98 356841.00 1435410688.00
2008/03/05 39.50 40.00 38.65 39.15 127747.00 499536352.00
2008/03/06 39.68 41.91 38.75 40.10 179860.00 727514560.00
2008/03/07 39.10 40.58 39.05 39.44 122712.00 487881984.00
2008/03/10 39.18 39.18 36.36 36.46 222600.00 825233280.00
2008/03/11 36.28 36.50 34.98 35.45 204876.00 728441536.00
2008/03/12 36.55 36.78 33.00 33.30 273057.00 939993088.00
2008/03/13 32.98 34.10 32.53 33.77 231674.00 774252736.00
2008/03/14 33.74 33.85 31.84 32.44 232352.00 755689984.00
2008/03/17 32.25 33.78 31.62 32.62 164829.00 539342208.00
2008/03/18 32.38 33.80 31.68 32.58 184439.00 604354176.00
2008/03/20 31.02 35.17 30.01 34.70 300570.00 1008474368.00
2008/03/21 34.60 35.50 33.69 34.28 255930.00 884179904.00
2008/03/24 34.65 34.79 30.85 30.85 337216.00 1084888320.00
2008/03/25 30.31 32.10 29.63 31.43 249857.00 767197696.00
2008/03/26 31.89 33.50 31.89 33.04 365397.00 1200624896.00
2008/03/27 32.30 33.97 31.82 33.26 219029.00 728532032.00
2008/03/28 33.00 36.06 32.65 35.82 400005.00 1397976192.00
2008/03/31 34.58 36.58 34.21 35.40 275567.00 981216320.00
2008/04/01 35.02 36.55 33.30 35.35 250548.00 882249664.00
2008/04/02 36.04 37.85 35.61 36.30 419024.00 1543919616.00
2008/04/03 35.99 36.57 34.75 36.50 282785.00 1008372992.00
2008/04/07 36.00 37.70 35.61 37.48 283704.00 1042038272.00
2008/04/08 37.51 37.55 36.20 37.33 254120.00 934158784.00
2008/04/09 36.70 37.02 34.33 34.43 254974.00 908449728.00
2008/04/10 34.46 35.17 33.33 34.41 177866.00 606886528.00
2008/04/11 35.00 35.60 34.42 34.82 169788.00 594189376.00
2008/04/14 35.00 35.58 31.91 32.20 425570.00 1427306368.00
2008/04/15 32.35 32.70 30.40 32.08 349591.00 1093953152.00
2008/04/16 31.90 32.55 30.80 31.31 216460.00 681823232.00
2008/04/17 31.40 32.18 30.00 30.51 203809.00 628977536.00
2008/04/18 30.00 31.20 28.91 30.52 208420.00 628905024.00
2008/04/21 32.88 32.91 30.38 31.04 424904.00 1337972224.00
2008/04/22 30.30 32.83 29.90 32.61 293160.00 925624384.00
2008/04/23 32.41 35.44 32.00 35.29 379089.00 1293308800.00
2008/04/24 29.68 29.72 28.55 29.72 775806.00 2271880960.00
2008/04/25 29.00 30.71 28.60 29.32 634977.00 1881787008.00
2008/04/28 28.95 30.12 28.58 29.23 447695.00 1319092352.00
2008/04/29 29.11 30.20 29.10 29.79 362681.00 1081567744.00
2008/04/30 30.03 32.60 30.03 32.40 549837.00 1731231360.00
2008/05/05 33.12 33.29 31.58 32.66 534179.00 1725122560.00
2008/05/06 32.00 32.40 31.30 31.65 409837.00 1305253120.00
2008/05/07 31.10 31.75 29.26 29.32 589670.00 1785242240.00
2008/05/08 28.90 29.90 28.50 29.59 328438.00 954431808.00
2008/05/09 29.72 29.90 27.40 28.08 744492.00 2107942656.00
2008/05/12 27.50 29.60 27.19 29.28 494599.00 1392573952.00
2008/05/13 28.45 29.40 28.00 28.54 362927.00 1038729920.00
2008/05/14 28.61 31.10 28.61 31.03 634348.00 1894385920.00
2008/05/15 31.41 31.50 30.00 30.08 431169.00 1324529536.00
2008/05/16 29.99 31.02 29.90 30.62 406147.00 1242080512.00
2008/05/19 30.49 30.70 29.80 30.22 180401.00 544743680.00
2008/05/20 30.25 30.75 28.48 28.59 362749.00 1067426240.00
2008/05/21 28.25 29.10 27.40 28.58 401431.00 1121416576.00
2008/05/22 28.07 28.27 27.40 27.70 310808.00 863372992.00
2008/05/23 27.70 28.70 27.69 28.26 324731.00 916403072.00
2008/05/26 27.95 27.95 27.00 27.26 226836.00 618435392.00
2008/05/27 27.25 27.60 26.97 27.27 181118.00 492952896.00
2008/05/28 27.30 29.20 27.27 28.56 378047.00 1071140224.00
2008/05/29 28.48 28.63 27.50 27.55 209596.00 589810944.00
2008/05/30 27.73 28.44 27.70 28.12 211374.00 594271616.00
2008/06/02 27.88 28.88 27.75 28.44 233499.00 660862144.00
2008/06/03 28.30 28.90 28.15 28.69 268423.00 764921536.00
