2007/06/04 7.80 8.01 7.02 7.02 650506.00 469522048.00
2007/06/05 6.61 7.44 6.32 7.36 823771.00 552683776.00
2007/06/07 7.45 7.80 7.30 7.77 730456.00 555678272.00
2007/06/08 7.81 8.10 7.77 7.85 530958.00 420930240.00
2007/06/11 7.90 7.99 7.74 7.79 432364.00 338811808.00
2007/06/12 7.80 8.20 7.51 8.14 635013.00 503085536.00
2007/06/13 8.20 8.55 8.18 8.46 617311.00 517310976.00
2007/06/14 8.46 8.55 8.18 8.20 497650.00 414628704.00
2007/06/15 8.05 8.23 7.81 7.99 419411.00 335624256.00
2007/06/18 8.11 8.45 8.05 8.42 604929.00 500915680.00
2007/06/19 8.48 8.63 8.35 8.51 707648.00 600801984.00
2007/06/20 8.51 8.51 8.06 8.11 472892.00 395570912.00
2007/06/21 8.08 8.20 7.90 8.03 338436.00 271602592.00
2007/06/22 8.03 8.05 7.23 7.44 420545.00 320206656.00
2007/06/25 7.46 7.60 6.70 6.74 392161.00 275592512.00
2007/06/26 6.53 7.11 6.46 7.10 344696.00 234464096.00
2007/06/27 7.15 7.46 7.01 7.32 337077.00 245849312.00
2007/06/28 7.23 7.29 6.65 6.70 300635.00 210308640.00
2007/06/29 6.50 6.89 6.45 6.64 254822.00 169394048.00
2007/07/02 6.63 6.90 6.56 6.88 189840.00 128127760.00
2007/07/03 6.93 6.99 6.73 6.92 184204.00 126510816.00
2007/07/04 7.02 7.05 6.62 6.70 162899.00 111915008.00
2007/07/05 6.60 6.60 6.03 6.03 245164.00 154018640.00
2007/07/06 6.03 6.53 5.90 6.48 269518.00 167736592.00
2007/07/09 6.75 7.00 6.60 6.93 443779.00 302535616.00
2007/07/10 6.90 6.90 6.55 6.61 248024.00 165410304.00
2007/07/11 6.60 6.74 6.52 6.70 119983.00 79822528.00
2007/07/12 6.69 6.80 6.66 6.75 122861.00 82612488.00
2007/07/13 6.74 6.96 6.56 6.90 227339.00 154544432.00
2007/07/16 7.03 7.17 6.90 6.91 461478.00 325978656.00
2007/07/17 6.85 7.00 6.61 6.92 173298.00 118617656.00
2007/07/18 6.90 7.06 6.83 6.94 151207.00 104897984.00
2007/07/19 6.88 6.88 6.66 6.72 90173.00 60660696.00
2007/07/20 6.73 6.97 6.68 6.91 183370.00 125849248.00
2007/07/23 6.91 7.60 6.90 7.60 594165.00 435143168.00
2007/07/24 7.66 7.79 7.43 7.44 534318.00 409493376.00
2007/07/25 7.39 7.73 7.37 7.60 286329.00 216449696.00
2007/07/26 7.66 8.03 7.50 8.02 546174.00 425050816.00
2007/07/27 7.95 8.19 7.80 8.10 564402.00 453812256.00
2007/07/30 8.08 8.27 7.98 8.16 420481.00 343298592.00
2007/07/31 8.15 8.15 7.89 8.05 330419.00 265033680.00
2007/08/01 8.07 8.14 7.36 7.45 419700.00 326838912.00
2007/08/02 7.48 7.99 7.48 7.80 328019.00 253943856.00
2007/08/03 7.90 7.96 7.60 7.77 310801.00 240774096.00
2007/08/06 7.84 8.10 7.80 7.93 367008.00 292231744.00
2007/08/07 7.93 7.94 7.64 7.74 320072.00 248263584.00
2007/08/08 7.70 8.12 7.55 8.10 532493.00 420181344.00
2007/08/09 8.02 8.12 7.90 7.94 359077.00 287114048.00
2007/08/10 7.90 8.08 7.58 7.99 352999.00 276289792.00
2007/08/13 8.02 8.48 7.84 8.33 880366.00 723489408.00
2007/08/14 8.44 8.55 8.28 8.38 742794.00 624214784.00
2007/08/15 8.37 8.37 7.94 8.13 427730.00 348431488.00
2007/08/16 8.04 8.22 7.92 8.18 273016.00 220199728.00
2007/08/17 8.20 8.44 8.00 8.18 429119.00 355460896.00
2007/08/20 8.40 8.50 8.24 8.42 482511.00 405786720.00
2007/08/21 8.48 8.49 8.25 8.32 326204.00 272067360.00
2007/08/22 8.18 8.49 8.12 8.41 433432.00 360290752.00
2007/08/23 8.55 8.64 8.45 8.54 616667.00 526576064.00
2007/08/24 8.51 8.78 8.50 8.57 441303.00 382061664.00
2007/08/27 8.61 8.88 8.31 8.87 680569.00 587751232.00
2007/08/28 8.87 8.95 8.60 8.74 438785.00 385569600.00
2007/08/29 8.61 8.87 8.40 8.68 416543.00 359764672.00
2007/08/30 8.79 9.18 8.73 9.04 659731.00 592705856.00
2007/08/31 9.09 9.15 8.94 9.07 442275.00 400105792.00
2007/09/03 9.16 9.37 9.15 9.33 463087.00 429998528.00
2007/09/04 9.50 9.80 9.33 9.68 683013.00 657308096.00
2007/09/05 9.80 10.23 9.80 10.00 806272.00 807108288.00
2007/09/06 10.10 10.20 9.83 9.97 465265.00 462268064.00
2007/09/07 9.85 10.89 9.45 10.24 1010328.00 1028905344.00
2007/09/10 10.00 10.82 9.82 10.54 724337.00 761226816.00
2007/09/11 10.50 10.68 9.49 9.55 530068.00 536110336.00
2007/09/12 9.36 9.78 9.01 9.56 576252.00 541103680.00
2007/09/13 9.50 9.70 9.30 9.58 317828.00 301514048.00
2007/09/14 9.55 9.68 9.30 9.50 327722.00 309959936.00
2007/09/17 9.43 10.15 9.35 9.99 456781.00 449594016.00
2007/09/18 10.04 10.60 10.04 10.37 576201.00 596798144.00
2007/09/19 10.40 10.51 9.93 10.09 381217.00 387617856.00
2007/09/20 10.12 10.37 10.00 10.28 424698.00 434360576.00
2007/09/21 10.39 10.45 10.10 10.30 473952.00 485998688.00
2007/09/24 10.30 10.39 9.81 10.02 298569.00 299417152.00
2007/09/25 9.99 10.27 9.80 9.92 210318.00 210532944.00
2007/09/26 9.90 10.00 9.30 9.43 292868.00 281262560.00
2007/09/28 9.72 9.97 9.60 9.79 253819.00 249250128.00
2007/10/08 10.00 10.08 9.50 9.56 300736.00 293000096.00
2007/10/09 9.57 9.65 9.31 9.46 197992.00 186853136.00
2007/10/10 9.49 9.59 9.36 9.43 209702.00 198235792.00
2007/10/11 9.36 9.45 9.05 9.30 294518.00 270883456.00
2007/10/12 9.30 9.31 8.50 9.03 355663.00 316866144.00
2007/10/15 8.99 9.25 8.63 9.24 273681.00 245346864.00
2007/10/16 9.25 9.36 9.06 9.24 181480.00 166917456.00
2007/10/17 9.24 9.38 9.01 9.27 218029.00 201420400.00
2007/10/18 9.39 9.43 9.14 9.15 279404.00 259899232.00
2007/10/19 9.16 9.28 8.78 8.85 159261.00 142842464.00
2007/10/22 8.77 8.97 8.56 8.62 119527.00 103953536.00
2007/10/23 8.60 8.72 8.24 8.50 136080.00 115670424.00
2007/10/24 8.51 8.64 8.17 8.20 174784.00 145722064.00
2007/10/25 8.10 8.14 7.38 7.39 277639.00 211408368.00
2007/10/26 7.30 7.78 7.21 7.70 186407.00 142112768.00
2007/10/29 7.73 7.87 7.50 7.85 139045.00 106921944.00
2007/10/30 7.86 7.95 7.70 7.92 105393.00 82737040.00
2007/10/31 8.00 8.18 7.97 8.13 148762.00 120401848.00
2007/11/01 8.13 8.15 7.55 7.59 236320.00 183811088.00
2007/11/02 7.48 7.73 7.28 7.39 199773.00 149272000.00
2007/11/05 7.39 7.70 7.32 7.64 115402.00 87261592.00
2007/11/06 7.64 7.85 7.57 7.74 94026.00 72828512.00
2007/11/07 7.78 7.89 7.54 7.71 74288.00 57051288.00
2007/11/08 7.65 7.68 7.32 7.36 98752.00 74013288.00
2007/11/09 7.30 7.48 7.25 7.40 87532.00 64617984.00
2007/11/12 7.29 7.40 6.92 7.14 132316.00 94563384.00
2007/11/13 7.25 7.39 7.06 7.14 108867.00 78528848.00
2007/11/14 7.29 7.44 7.22 7.43 110458.00 81108304.00
2007/11/15 7.43 7.50 7.33 7.38 115905.00 85937032.00
2007/11/16 7.33 7.44 7.15 7.43 92352.00 67074516.00
2007/11/19 7.52 7.71 7.45 7.69 152825.00 116149280.00
2007/11/20 7.78 7.96 7.69 7.83 252675.00 198431056.00
2007/11/21 7.86 7.90 7.66 7.66 127044.00 98493520.00
2007/11/22 7.52 7.60 7.20 7.25 98009.00 72627056.00
2007/11/23 7.21 7.45 7.18 7.44 57110.00 41841416.00
2007/11/26 7.58 7.62 7.28 7.35 84625.00 63319392.00
2007/11/28 7.30 7.43 7.25 7.29 63776.00 46890800.00
2007/11/29 7.36 7.62 7.28 7.56 104248.00 78169920.00
2007/11/30 7.56 7.56 7.35 7.36 65495.00 48669340.00
2007/12/03 7.40 7.48 7.30 7.40 42493.00 31444172.00
2007/12/04 7.40 7.52 7.40 7.46 54640.00 40794940.00
2007/12/05 7.46 7.68 7.40 7.67 119997.00 91236648.00
2007/12/06 7.68 7.70 7.52 7.67 73527.00 55752208.00
2007/12/07 7.65 7.79 7.60 7.76 109026.00 84065160.00
2007/12/10 7.61 8.04 7.56 7.99 218027.00 171380720.00
2007/12/11 7.98 7.98 7.82 7.95 152483.00 120358832.00
2007/12/12 7.94 8.08 7.81 8.02 144975.00 115026032.00
2007/12/13 7.99 8.10 7.75 7.84 181841.00 144819728.00
2007/12/14 7.84 8.03 7.74 8.01 170720.00 134823792.00
2007/12/17 8.07 8.09 7.92 8.07 161952.00 129699680.00
2007/12/18 8.08 8.23 7.88 7.97 143374.00 115860704.00
2007/12/19 8.00 8.25 7.97 8.22 177085.00 143713856.00
2007/12/20 8.22 8.34 8.15 8.31 204196.00 169036480.00
2007/12/21 8.26 8.48 8.22 8.33 160778.00 134598512.00
2007/12/24 8.36 8.52 8.31 8.36 160902.00 135362736.00
2007/12/25 8.35 8.50 8.29 8.45 140045.00 117753032.00
2007/12/26 8.45 8.75 8.45 8.71 177451.00 152372208.00
2007/12/27 8.73 9.06 8.73 8.80 256264.00 227601824.00
2007/12/28 8.85 8.95 8.59 8.67 163087.00 142288960.00
2008/01/02 8.68 8.86 8.51 8.79 144992.00 126280408.00
2008/01/03 8.80 9.10 8.70 9.06 228642.00 204522144.00
2008/01/04 9.06 9.08 8.91 8.98 141362.00 127138632.00
2008/01/07 8.96 9.14 8.84 9.08 194467.00 175328784.00
2008/01/08 9.08 9.12 8.72 8.98 241173.00 215899600.00
2008/01/09 9.03 9.35 8.99 9.33 439508.00 403294976.00
2008/01/10 9.36 9.76 9.29 9.39 337500.00 321949856.00
2008/01/11 9.38 9.39 9.10 9.24 183557.00 168909728.00
2008/01/14 9.24 9.35 9.10 9.25 137456.00 126532344.00
2008/01/15 9.25 9.30 9.09 9.15 160490.00 147201584.00
2008/01/16 9.10 9.11 8.80 8.82 240473.00 213956064.00
2008/01/17 8.80 8.97 8.31 8.59 204782.00 176633104.00
2008/01/18 8.51 8.79 8.50 8.74 138385.00 119981336.00
2008/01/21 8.70 8.76 8.15 8.20 155837.00 131723672.00
2008/01/22 8.06 8.06 7.38 7.38 216100.00 165436752.00
2008/01/23 7.45 7.79 7.38 7.76 170777.00 130101568.00
2008/01/24 7.80 8.06 7.73 7.97 141922.00 112242872.00
2008/01/25 7.98 8.03 7.80 7.97 105029.00 83470640.00
2008/01/28 7.90 7.90 7.31 7.33 113024.00 84884120.00
2008/01/29 7.43 7.62 7.33 7.54 64500.00 48403100.00
2008/01/30 7.61 7.76 7.40 7.64 66972.00 51080312.00
2008/01/31 7.60 7.80 7.48 7.50 54450.00 41621200.00
2008/02/01 7.58 7.65 7.04 7.31 86404.00 62990576.00
2008/02/04 7.43 7.95 7.43 7.94 105027.00 81352432.00
2008/02/05 7.94 7.97 7.70 7.79 69264.00 54248796.00
2008/02/13 7.84 7.92 7.67 7.77 48427.00 37870572.00
2008/02/14 7.83 8.00 7.82 7.94 60002.00 47540576.00
2008/02/15 7.88 7.89 7.70 7.80 58326.00 45382748.00
2008/02/18 7.93 8.04 7.82 7.96 90397.00 71994808.00
2008/02/19 7.99 8.15 7.90 8.14 98498.00 79221424.00
2008/02/20 8.17 8.17 7.90 7.91 91368.00 73207544.00
2008/02/21 7.90 8.00 7.71 7.88 81316.00 63747024.00
2008/02/22 7.83 7.92 7.55 7.69 87018.00 67182672.00
2008/02/25 7.70 7.82 7.37 7.39 74735.00 56210960.00
2008/02/26 7.55 7.68 7.36 7.59 63770.00 47849048.00
2008/02/27 7.63 7.77 7.53 7.75 50953.00 39281272.00
2008/02/28 7.79 7.85 7.70 7.79 55300.00 42986036.00
2008/02/29 7.80 8.00 7.78 7.93 70996.00 56161048.00
2008/03/03 7.80 8.09 7.78 8.05 107525.00 86092448.00
2008/03/04 8.05 8.05 7.86 7.89 106385.00 84610320.00
2008/03/05 7.89 7.91 7.56 7.82 94829.00 73300536.00
2008/03/06 7.81 8.22 7.75 8.16 205688.00 165255392.00
2008/03/07 8.09 8.17 7.88 7.92 106838.00 85719592.00
2008/03/10 7.90 7.90 7.60 7.67 77022.00 59657160.00
2008/03/11 7.59 7.78 7.50 7.75 45406.00 34782656.00
2008/03/12 7.85 7.89 7.50 7.54 57453.00 43997888.00
2008/03/13 7.52 7.57 7.18 7.31 91255.00 67220608.00
2008/03/14 7.30 7.40 7.21 7.30 37420.00 27284572.00
2008/03/17 7.31 7.33 6.80 6.83 69390.00 48894432.00
2008/03/18 6.75 6.95 6.15 6.30 88291.00 57289412.00
2008/03/19 6.40 6.69 6.31 6.48 81829.00 53123840.00
2008/03/20 6.45 6.70 6.00 6.63 139940.00 88923840.00
2008/03/21 6.63 6.84 6.52 6.72 124006.00 83126488.00
2008/03/24 6.75 6.85 6.50 6.51 77524.00 51861784.00
2008/03/25 6.43 6.65 6.32 6.62 47570.00 30930980.00
2008/03/26 6.66 6.72 6.42 6.51 46597.00 30716638.00
2008/03/27 6.40 6.43 6.13 6.15 63291.00 39696336.00
2008/03/28 6.10 6.35 5.91 6.33 97171.00 59755616.00
2008/03/31 6.15 6.25 6.01 6.06 56371.00 34479888.00
2008/04/01 6.06 6.14 5.50 5.58 87250.00 50660668.00
2008/04/02 5.66 5.76 5.40 5.46 78718.00 43734816.00
2008/04/03 5.47 5.73 5.40 5.69 54604.00 30548348.00
2008/04/07 5.65 6.10 5.57 6.05 83377.00 49333304.00
2008/04/08 6.05 6.17 5.96 6.06 81489.00 49524372.00
2008/04/09 6.06 6.08 5.70 5.70 71543.00 42382668.00
2008/04/10 5.60 5.88 5.57 5.86 48398.00 27638556.00
2008/04/11 5.87 6.00 5.86 5.93 42970.00 25450776.00
2008/04/14 5.81 5.83 5.50 5.55 53440.00 30182248.00
2008/04/15 5.51 5.70 5.40 5.70 41019.00 22688264.00
2008/04/16 5.70 5.72 5.48 5.52 33052.00 18436708.00
2008/04/17 5.55 5.64 5.29 5.35 42922.00 23355736.00
2008/04/18 5.37 5.38 5.00 5.03 53522.00 27460082.00
2008/04/21 5.43 5.48 5.00 5.09 74029.00 38469068.00
2008/04/22 4.98 5.10 4.80 5.07 60505.00 29846376.00
2008/04/23 5.07 5.26 4.95 5.22 72276.00 37139440.00
2008/04/24 5.65 5.74 5.50 5.74 213471.00 120815576.00
2008/04/25 5.74 5.96 5.62 5.74 157115.00 90862384.00
2008/04/28 5.67 5.73 5.57 5.59 71684.00 40426140.00
2008/04/29 5.56 5.69 5.55 5.67 61134.00 34474480.00
2008/04/30 5.69 5.96 5.69 5.90 140058.00 81757408.00
2008/05/05 6.00 6.11 5.85 6.05 134294.00 80298424.00
2008/05/06 6.00 6.01 5.87 5.91 102839.00 61007416.00
2008/05/07 5.90 5.95 5.62 5.62 99866.00 57954608.00
2008/05/08 5.57 5.71 5.53 5.71 69674.00 39196812.00
2008/05/09 5.72 5.76 5.55 5.62 77331.00 43773800.00
2008/05/12 5.51 5.72 5.50 5.70 67704.00 38004872.00
2008/05/13 5.56 5.90 5.51 5.89 154353.00 88525040.00
2008/05/14 5.83 6.05 5.81 6.01 187383.00 111794024.00
2008/05/15 6.00 6.07 5.88 5.89 172946.00 103718344.00
2008/05/16 5.88 5.95 5.67 5.78 93032.00 53990880.00
2008/05/19 5.75 5.79 5.63 5.73 50779.00 28981024.00
2008/05/20 5.69 5.82 5.40 5.43 68824.00 38688876.00
2008/05/21 5.40 5.56 5.25 5.51 77690.00 41708072.00
2008/05/22 5.48 5.61 5.42 5.47 54751.00 30275140.00
2008/05/23 5.48 5.54 5.28 5.38 55358.00 29892156.00
2008/05/27 5.24 5.29 5.18 5.27 56927.00 29777234.00
2008/05/28 5.29 5.40 5.22 5.37 46041.00 24455328.00
2008/05/29 5.37 5.37 5.20 5.21 50318.00 26586356.00
2008/05/30 5.20 5.30 5.19 5.23 41555.00 21747848.00
2008/06/02 5.21 5.30 5.17 5.29 37849.00 19851510.00
2008/06/03 5.25 5.33 5.22 5.25 34453.00 18153904.00
