2007/06/04 7.07 7.24 6.32 6.38 1065515.00 712016960.00
2007/06/05 6.37 7.02 6.31 7.02 1364759.00 912259136.00
2007/06/06 7.28 7.45 7.05 7.24 1040702.00 758145920.00
2007/06/07 7.24 7.36 7.10 7.33 714010.00 519376608.00
2007/06/08 7.34 7.53 7.20 7.33 825157.00 604870464.00
2007/06/11 7.36 7.45 7.23 7.34 776504.00 568867712.00
2007/06/12 7.35 7.65 7.00 7.55 1067389.00 786659136.00
2007/06/13 7.60 7.86 7.55 7.77 1227080.00 945887616.00
2007/06/14 7.78 7.78 7.47 7.48 663707.00 502871168.00
2007/06/15 7.34 7.46 7.21 7.29 557604.00 408019744.00
2007/06/18 7.35 7.48 7.33 7.46 707936.00 523418816.00
2007/06/19 7.47 7.64 7.43 7.53 875095.00 657783616.00
2007/06/20 7.55 7.65 7.35 7.37 795875.00 598533888.00
2007/06/21 7.30 7.40 7.06 7.25 715830.00 516520960.00
2007/06/22 7.18 7.18 6.61 6.81 554943.00 384873984.00
2007/06/25 6.88 6.99 6.41 6.51 516502.00 347321920.00
2007/06/26 6.40 6.75 6.35 6.74 450311.00 293623808.00
2007/06/27 6.74 6.78 6.48 6.72 456068.00 303408256.00
2007/06/28 6.75 7.04 6.49 6.56 674417.00 458488512.00
2007/06/29 6.39 6.62 6.29 6.37 389373.00 249911872.00
2007/07/02 6.37 6.52 6.22 6.47 345786.00 220551952.00
2007/07/03 6.52 6.55 6.30 6.47 302180.00 194476624.00
2007/07/04 6.48 6.50 6.28 6.30 284015.00 180330800.00
2007/07/05 6.25 6.25 5.80 5.84 410056.00 246087296.00
2007/07/06 5.82 6.10 5.48 6.09 769835.00 446338272.00
2007/07/09 6.10 6.19 5.95 6.12 618857.00 376415072.00
2007/07/10 6.12 6.12 5.85 5.89 384410.00 228871584.00
2007/07/11 5.82 6.00 5.77 5.95 276343.00 162559328.00
2007/07/12 5.95 6.05 5.86 5.99 245696.00 146472688.00
2007/07/13 6.02 6.04 5.88 5.96 267243.00 158497552.00
2007/07/16 5.98 5.99 5.63 5.69 314725.00 181677632.00
2007/07/17 5.68 5.82 5.59 5.76 260442.00 148979136.00
2007/07/18 5.76 5.86 5.64 5.76 293730.00 168431152.00
2007/07/19 5.75 5.84 5.70 5.79 260475.00 150103280.00
2007/07/20 5.84 6.02 5.83 6.02 703406.00 417862304.00
2007/07/23 6.02 6.62 5.99 6.62 1434393.00 920663296.00
2007/07/24 6.75 6.85 6.50 6.51 1194754.00 800330432.00
2007/07/25 6.51 6.65 6.45 6.60 768802.00 502530976.00
2007/07/26 6.65 6.67 6.52 6.62 634613.00 418000960.00
2007/07/27 6.62 6.82 6.50 6.77 862651.00 576229760.00
2007/07/30 6.80 7.07 6.80 6.97 953776.00 666186240.00
2007/07/31 6.98 7.12 6.90 6.96 705789.00 494538176.00
2007/08/01 6.98 7.04 6.52 6.56 775563.00 524054560.00
2007/08/02 6.58 6.79 6.52 6.71 472847.00 315874432.00
2007/08/03 6.75 6.78 6.59 6.67 631603.00 420432256.00
2007/08/06 6.78 7.05 6.75 6.94 767989.00 531745248.00
2007/08/07 7.01 7.24 6.85 7.11 1146106.00 810870208.00
2007/08/08 7.07 7.07 6.79 6.91 582765.00 403714368.00
2007/08/09 6.91 7.08 6.90 7.00 555459.00 389108224.00
2007/08/10 7.00 7.01 6.70 6.89 525945.00 361164640.00
2007/08/13 6.96 7.15 6.96 7.05 942728.00 665034176.00
2007/08/14 7.07 7.28 7.05 7.19 846239.00 609144960.00
2007/08/15 7.23 7.28 6.91 7.14 606404.00 430603808.00
2007/08/16 7.01 7.02 6.85 6.95 648195.00 449147168.00
2007/08/17 6.94 7.06 6.86 6.87 475294.00 329579008.00
2007/08/20 7.03 7.44 6.95 7.39 1492527.00 1080768256.00
2007/08/21 7.44 7.50 7.29 7.35 991426.00 733708160.00
2007/08/22 7.26 7.35 7.20 7.29 602098.00 438493600.00
2007/08/23 7.31 7.44 7.28 7.33 482521.00 353459232.00
2007/08/24 7.34 7.54 7.29 7.34 695869.00 516422112.00
2007/08/27 7.43 7.66 7.39 7.50 764796.00 574130304.00
2007/08/28 7.58 7.85 7.40 7.84 1288578.00 990618304.00
2007/08/29 7.97 8.23 7.86 7.93 1686401.00 1360103168.00
2007/08/30 7.95 8.15 7.80 8.09 847057.00 674146944.00
2007/08/31 8.10 8.48 8.00 8.44 1268951.00 1053505216.00
2007/09/03 8.57 9.18 8.49 8.94 1813269.00 1588033152.00
2007/09/04 9.00 9.05 8.58 8.64 982676.00 858637056.00
2007/09/05 8.60 8.77 8.41 8.69 708669.00 606681216.00
2007/09/06 8.86 9.15 8.86 8.89 1114376.00 1002759104.00
2007/09/07 8.89 8.98 8.63 8.70 756083.00 664608320.00
2007/09/10 8.55 8.68 8.22 8.62 643154.00 544072640.00
2007/09/11 8.62 8.80 8.00 8.04 710891.00 604538560.00
2007/09/12 8.00 8.21 7.71 8.20 765805.00 613504768.00
2007/09/13 8.21 8.68 8.10 8.56 863847.00 726871232.00
2007/09/14 8.60 8.98 8.47 8.78 1104029.00 967124288.00
2007/09/17 8.78 9.66 8.72 9.66 2191807.00 2057707776.00
2007/09/18 10.02 10.13 9.52 9.69 2124152.00 2097227136.00
2007/09/19 9.70 9.70 9.18 9.27 795485.00 742267392.00
2007/09/20 9.33 9.50 9.20 9.29 549346.00 512362336.00
2007/09/21 9.30 9.38 9.00 9.12 689705.00 626689088.00
2007/09/24 9.10 9.30 8.75 9.26 676216.00 608148800.00
2007/09/25 9.25 9.25 8.78 8.83 433916.00 386926784.00
2007/09/26 8.78 8.90 8.33 8.58 533180.00 459547744.00
2007/09/27 8.54 8.79 8.48 8.70 350656.00 304169216.00
2007/09/28 8.80 8.98 8.75 8.88 582584.00 515225472.00
2007/10/08 9.15 9.20 8.90 8.97 605897.00 545597888.00
2007/10/09 8.97 8.97 8.64 8.90 381609.00 335979008.00
2007/10/10 8.90 9.35 8.89 9.02 793349.00 723255872.00
2007/10/11 9.00 9.01 8.77 8.81 400237.00 353660736.00
2007/10/12 8.81 8.95 8.33 8.60 513256.00 441947424.00
2007/10/15 8.60 9.06 8.23 9.00 910734.00 797271552.00
2007/10/16 9.00 9.22 8.77 8.93 610738.00 546514496.00
2007/10/17 9.10 9.20 8.93 8.96 700612.00 635250816.00
2007/10/18 9.00 9.18 8.70 8.75 601473.00 538793088.00
2007/10/19 8.82 8.99 8.40 8.59 392188.00 341379872.00
2007/10/22 8.43 8.48 8.18 8.19 303354.00 252424512.00
2007/10/23 8.18 8.40 8.08 8.40 295672.00 242479984.00
2007/10/24 8.40 8.47 8.22 8.27 232834.00 193869632.00
2007/10/25 8.25 8.25 7.60 7.77 436972.00 342827872.00
2007/10/26 7.79 7.92 7.61 7.83 305489.00 238289456.00
2007/10/29 7.88 8.15 7.70 8.13 247666.00 195460448.00
2007/10/30 8.09 8.12 7.85 8.10 216118.00 172848848.00
2007/10/31 8.15 8.28 8.00 8.17 336838.00 274155168.00
2007/11/01 8.15 8.16 7.78 7.81 313089.00 246720256.00
2007/11/02 7.65 7.75 7.33 7.39 433679.00 324093216.00
2007/11/05 7.36 7.58 7.22 7.48 203310.00 151296688.00
2007/11/06 7.53 7.83 7.45 7.62 284779.00 219782496.00
2007/11/07 7.60 7.70 7.32 7.42 211415.00 157168960.00
2007/11/08 7.40 7.40 7.15 7.17 205123.00 148534672.00
2007/11/09 7.13 7.23 7.01 7.08 168746.00 119771312.00
2007/11/12 7.00 7.08 6.64 6.96 242343.00 166129088.00
2007/11/13 7.00 7.25 6.95 7.06 218746.00 155566640.00
2007/11/14 7.15 7.36 7.06 7.31 216287.00 155974320.00
2007/11/15 7.25 7.34 7.10 7.13 161166.00 116163688.00
2007/11/16 7.08 7.12 6.95 7.07 131205.00 91904128.00
2007/11/19 7.16 7.30 7.08 7.24 137315.00 99357576.00
2007/11/20 7.26 7.51 7.17 7.45 267822.00 198196112.00
2007/11/21 7.53 7.57 7.26 7.29 208031.00 154207024.00
2007/11/22 7.19 7.24 6.96 7.02 141134.00 100055336.00
2007/11/23 6.97 7.15 6.95 7.14 105176.00 74030632.00
2007/11/26 7.19 7.30 7.05 7.07 108130.00 77638672.00
2007/11/27 7.03 7.15 7.00 7.04 98156.00 69374496.00
2007/11/28 7.09 7.14 7.00 7.02 89241.00 62949920.00
2007/11/29 7.05 7.16 6.86 7.12 181600.00 127781768.00
2007/11/30 7.12 7.12 6.93 6.95 144569.00 101054440.00
2007/12/03 6.99 7.20 6.92 7.05 189425.00 134079992.00
2007/12/04 7.06 7.25 7.06 7.13 146437.00 104956312.00
2007/12/05 7.16 7.43 7.16 7.38 385428.00 282401056.00
2007/12/06 7.47 7.49 7.31 7.38 231033.00 170792080.00
2007/12/07 7.40 7.55 7.35 7.44 263020.00 196194640.00
2007/12/10 7.29 7.70 7.26 7.65 333702.00 252002688.00
2007/12/11 7.70 7.78 7.58 7.69 328205.00 251793008.00
2007/12/12 7.67 7.75 7.54 7.60 210396.00 160586480.00
2007/12/13 7.60 7.67 7.30 7.31 272961.00 203066528.00
2007/12/14 7.25 7.40 7.18 7.38 156656.00 114046832.00
2007/12/17 7.44 7.48 7.19 7.24 215697.00 157317296.00
2007/12/18 7.20 7.48 7.16 7.44 159795.00 117434600.00
2007/12/19 7.47 7.64 7.42 7.59 355642.00 268222544.00
2007/12/20 7.58 7.66 7.54 7.61 224170.00 170501536.00
2007/12/21 7.59 7.72 7.56 7.68 298422.00 228668976.00
2007/12/24 7.71 7.78 7.60 7.72 361595.00 278469440.00
2007/12/25 7.75 7.88 7.68 7.80 325411.00 254201440.00
2007/12/26 7.81 7.93 7.74 7.82 278965.00 218480880.00
2007/12/27 7.81 8.05 7.80 8.04 431525.00 341934048.00
2007/12/28 8.05 8.20 7.96 8.11 484836.00 392214080.00
2008/01/02 8.12 8.60 7.95 8.38 628283.00 517840544.00
2008/01/03 8.38 9.22 8.30 9.22 1167319.00 1035966528.00
2008/01/04 9.60 9.75 9.31 9.49 1833267.00 1742365696.00
2008/01/07 9.39 10.20 9.35 9.89 1477767.00 1462405504.00
2008/01/08 9.90 10.08 9.50 9.65 1070331.00 1049550144.00
2008/01/09 9.64 9.85 9.58 9.79 618732.00 601119488.00
2008/01/10 9.87 10.56 9.87 10.24 1254358.00 1292204672.00
2008/01/11 10.21 10.34 9.99 10.12 449546.00 454466784.00
2008/01/14 10.18 11.05 10.01 10.76 1072857.00 1143369344.00
2008/01/15 10.76 11.00 10.48 10.92 785105.00 846134784.00
2008/01/16 10.78 10.81 10.35 10.41 604462.00 638596992.00
2008/01/17 10.25 10.50 9.56 10.13 857289.00 857836416.00
2008/01/18 10.13 10.22 9.70 9.97 430043.00 428428416.00
2008/01/21 9.98 10.05 9.51 9.71 512102.00 499462208.00
2008/01/22 9.50 9.65 8.74 8.95 834540.00 767147776.00
2008/01/23 9.18 9.85 9.18 9.73 1052739.00 1008574400.00
2008/01/24 9.78 10.14 9.40 10.07 859242.00 844871040.00
2008/01/25 9.90 10.38 9.71 9.95 601394.00 607753920.00
2008/01/28 9.80 9.89 9.03 9.22 394795.00 367978336.00
2008/01/29 9.19 9.50 9.05 9.27 200037.00 185477312.00
2008/01/30 9.45 9.56 9.01 9.27 227000.00 211757808.00
2008/01/31 9.27 9.57 9.03 9.07 372266.00 347813952.00
2008/02/01 9.02 9.20 8.18 8.83 339636.00 296059520.00
2008/02/04 9.05 9.66 9.05 9.58 748297.00 705383744.00
2008/02/05 9.57 9.66 9.23 9.35 347540.00 328559136.00
2008/02/13 9.25 9.45 9.06 9.19 153976.00 142450576.00
2008/02/14 9.35 9.50 9.25 9.36 196308.00 184060304.00
2008/02/15 9.30 9.30 8.98 9.17 176487.00 160692864.00
2008/02/18 9.25 9.35 8.96 9.21 295669.00 272851552.00
2008/02/19 9.25 9.65 9.11 9.58 464701.00 440883712.00
2008/02/20 9.61 9.89 9.39 9.43 410664.00 395390176.00
2008/02/21 9.46 9.70 9.20 9.57 286888.00 271547392.00
2008/02/22 9.50 9.50 8.95 9.08 327962.00 299923840.00
2008/02/25 9.10 9.50 8.95 9.17 300998.00 276017632.00
2008/02/26 9.45 9.55 9.00 9.34 256918.00 237754816.00
2008/02/27 9.39 9.51 9.19 9.30 249420.00 232554368.00
2008/02/28 9.35 9.50 9.18 9.34 241321.00 225788880.00
2008/02/29 9.25 9.40 9.16 9.24 164307.00 151984544.00
2008/03/03 9.21 9.37 8.97 9.27 388159.00 355471744.00
2008/03/04 9.28 9.28 8.80 8.89 580758.00 522991904.00
2008/03/05 8.90 9.00 8.33 8.57 476078.00 409832160.00
2008/03/06 8.59 8.74 8.38 8.53 380160.00 325436032.00
2008/03/07 8.48 8.64 8.35 8.60 279903.00 237928240.00
2008/03/10 8.59 8.59 8.11 8.16 286440.00 236472400.00
2008/03/11 8.11 8.11 7.79 8.00 282944.00 224032368.00
2008/03/12 8.18 8.24 7.65 7.71 214214.00 169344544.00
2008/03/13 7.60 7.75 7.48 7.60 189028.00 143215120.00
2008/03/14 7.55 7.65 7.28 7.43 162138.00 120724480.00
2008/03/17 7.42 7.90 6.99 7.56 428949.00 318385280.00
2008/03/18 7.43 7.90 7.13 7.56 469533.00 356786880.00
2008/03/19 7.75 8.05 7.56 7.94 435351.00 342201120.00
2008/03/20 7.85 8.52 7.43 8.26 555559.00 449202976.00
2008/03/21 8.19 8.99 8.13 8.81 764784.00 660326720.00
2008/03/24 8.90 8.98 8.08 8.10 486528.00 417313632.00
2008/03/25 7.95 8.68 7.90 8.55 351890.00 294110816.00
2008/03/26 8.58 8.70 8.29 8.42 198973.00 168540624.00
2008/03/27 8.20 8.40 8.00 8.19 251465.00 205434560.00
2008/03/28 8.00 8.40 7.59 8.32 337068.00 270544320.00
2008/03/31 8.00 8.10 7.68 7.69 234225.00 184415456.00
2008/04/01 7.62 7.68 6.92 6.95 413553.00 294103360.00
2008/04/02 7.03 7.18 6.58 6.71 247676.00 169279712.00
2008/04/03 6.70 6.98 6.55 6.87 177261.00 121547968.00
2008/04/07 6.79 7.26 6.68 7.17 304670.00 215373120.00
2008/04/08 7.12 7.28 7.07 7.23 308244.00 220524752.00
2008/04/09 7.20 7.39 6.86 6.87 270525.00 193945360.00
2008/04/10 6.77 6.98 6.65 6.98 129400.00 88658328.00
2008/04/11 7.00 7.20 6.90 7.08 163667.00 115206832.00
2008/04/14 7.00 7.00 6.37 6.38 406339.00 268100992.00
2008/04/15 6.38 6.46 6.00 6.38 429509.00 265537744.00
2008/04/16 6.31 6.31 5.99 6.08 306560.00 187506960.00
2008/04/17 6.10 6.19 5.76 5.86 230970.00 137422032.00
2008/04/18 5.85 5.85 5.51 5.55 225604.00 126927768.00
2008/04/21 5.95 6.00 5.56 5.64 338607.00 194078992.00
2008/04/22 5.55 6.01 5.50 5.98 286492.00 165123344.00
2008/04/23 5.88 6.35 5.80 6.28 378201.00 232342288.00
2008/04/24 6.81 6.91 6.60 6.91 845630.00 575630208.00
2008/04/25 6.90 7.27 6.71 6.91 717413.00 502364992.00
2008/04/28 6.79 6.88 6.62 6.69 388760.00 262156304.00
2008/04/29 6.64 6.79 6.60 6.69 215994.00 144903808.00
2008/04/30 6.70 7.00 6.70 6.93 404725.00 279356672.00
2008/05/05 7.07 7.07 6.93 7.04 392800.00 275168224.00
2008/05/06 7.00 7.09 6.83 6.92 309343.00 214758976.00
2008/05/07 6.92 6.97 6.54 6.55 371354.00 249734832.00
2008/05/08 6.47 6.72 6.39 6.71 293652.00 192905264.00
2008/05/09 6.73 6.93 6.58 6.72 407469.00 275306912.00
2008/05/12 6.57 7.00 6.47 6.87 346039.00 235558912.00
2008/05/13 6.61 7.18 6.61 7.02 577696.00 405753792.00
2008/05/14 7.10 7.20 6.94 7.11 475723.00 336128224.00
2008/05/15 7.15 7.25 7.05 7.06 460102.00 329359616.00
2008/05/19 6.96 7.00 6.74 6.86 227670.00 155804752.00
2008/05/20 6.86 6.98 6.39 6.41 282702.00 189261616.00
2008/05/21 6.35 6.52 6.10 6.45 386045.00 242470752.00
2008/05/22 6.40 6.59 6.28 6.41 277387.00 177821232.00
2008/05/23 6.37 6.43 6.20 6.29 194394.00 122513344.00
2008/05/26 6.24 6.24 5.98 6.04 234334.00 142485008.00
2008/05/27 6.03 6.18 5.98 6.12 121128.00 73715096.00
2008/05/28 6.13 6.30 6.02 6.24 165168.00 102352728.00
2008/05/29 6.22 6.22 5.98 5.99 182327.00 111158592.00
2008/05/30 6.03 6.12 5.99 6.07 134815.00 81503840.00
2008/06/02 6.06 6.12 6.00 6.09 115399.00 70064840.00
2008/06/03 6.12 6.19 6.06 6.11 113342.00 69222848.00
