2007/06/04 13.94 13.94 12.59 12.59 274334.00 352001152.00
2007/06/05 11.33 12.20 11.33 12.17 844017.00 973229632.00
2007/06/06 12.25 12.72 11.70 12.22 607380.00 748284800.00
2007/06/07 12.24 12.69 12.20 12.58 477658.00 593258880.00
2007/06/08 12.62 13.09 12.50 12.72 468988.00 600782464.00
2007/06/11 12.80 13.32 12.80 13.19 470561.00 617571584.00
2007/06/12 13.21 14.39 12.80 14.25 710684.00 960063040.00
2007/06/13 14.28 14.82 14.00 14.44 687326.00 991931904.00
2007/06/14 14.25 14.56 13.81 13.94 454843.00 643189568.00
2007/06/15 13.82 14.19 13.59 13.76 360679.00 498767936.00
2007/06/18 14.10 14.79 13.88 14.56 544535.00 778841792.00
2007/06/19 14.33 14.84 14.27 14.61 532983.00 777551360.00
2007/06/20 14.61 15.13 14.00 14.22 576771.00 844878080.00
2007/06/21 14.22 15.00 13.90 15.00 891371.00 1297408384.00
2007/06/22 15.25 15.36 13.80 14.20 783236.00 1146798592.00
2007/06/25 14.20 14.43 12.78 12.78 545627.00 727197504.00
2007/06/26 12.40 13.10 12.00 13.06 381013.00 477376416.00
2007/06/27 13.10 13.76 12.89 13.49 439570.00 585523392.00
2007/06/28 13.30 13.63 12.20 12.22 383371.00 494918272.00
2007/06/29 11.80 12.15 11.30 11.41 353096.00 413878144.00
2007/07/02 11.40 11.75 10.81 11.52 253435.00 286060480.00
2007/07/03 11.61 11.75 11.13 11.55 180392.00 207330352.00
2007/07/04 11.60 11.74 11.25 11.41 155945.00 178931696.00
2007/07/05 11.20 11.32 10.27 10.27 248446.00 263043808.00
2007/07/06 10.00 10.77 9.75 10.70 342096.00 353460288.00
2007/07/09 10.78 11.19 10.58 10.99 260822.00 283488032.00
2007/07/10 10.96 10.96 10.31 10.34 197899.00 208405856.00
2007/07/11 10.20 10.55 10.14 10.37 104361.00 108082392.00
2007/07/12 10.40 10.91 10.38 10.75 178287.00 190161936.00
2007/07/13 10.73 10.73 10.41 10.56 98337.00 103850464.00
2007/07/16 10.50 10.59 10.05 10.07 112383.00 115115264.00
2007/07/17 9.97 10.58 9.90 10.35 128550.00 133041024.00
2007/07/18 10.29 10.78 10.21 10.49 171659.00 182043760.00
2007/07/19 10.49 10.70 10.45 10.56 75878.00 80159224.00
2007/07/20 10.56 11.18 10.55 11.12 271422.00 297330240.00
2007/07/23 11.27 11.81 11.27 11.75 346304.00 402681760.00
2007/07/24 11.85 12.35 11.70 11.85 340167.00 407919552.00
2007/07/25 11.80 12.30 11.75 12.19 251136.00 302746304.00
2007/07/26 12.30 12.37 12.06 12.28 239612.00 292381152.00
2007/07/27 12.31 12.98 12.14 12.80 342073.00 433903776.00
2007/07/30 12.86 13.49 12.86 13.46 352438.00 464425984.00
2007/07/31 13.42 13.65 13.11 13.45 289111.00 386746688.00
2007/08/01 13.45 13.50 12.29 12.36 380545.00 490495648.00
2007/08/02 12.29 12.99 12.29 12.87 281736.00 358386816.00
2007/08/03 13.11 13.44 12.77 13.27 370239.00 486846656.00
2007/08/06 13.40 13.98 13.39 13.79 409777.00 562631488.00
2007/08/07 13.79 14.19 13.25 13.83 420564.00 578105216.00
2007/08/08 13.75 13.83 12.81 13.19 300187.00 401382496.00
2007/08/09 13.11 13.30 12.90 12.96 253670.00 331660640.00
2007/08/10 12.90 12.92 12.21 12.52 262955.00 329790528.00
2007/08/13 12.45 12.95 12.38 12.74 220557.00 279827008.00
2007/08/14 12.74 12.91 12.58 12.82 162959.00 208444720.00
2007/08/15 12.85 13.09 12.25 12.55 192906.00 243916080.00
2007/08/16 12.56 12.92 12.56 12.69 183863.00 234465456.00
2007/08/17 12.60 13.25 12.45 13.02 357843.00 463140288.00
2007/08/20 13.20 13.62 13.20 13.52 338145.00 455591552.00
2007/08/21 13.60 13.84 13.32 13.79 438746.00 598285888.00
2007/08/22 13.50 15.17 13.40 15.17 1341428.00 2000314752.00
2007/08/23 15.48 16.69 15.29 16.58 1601600.00 2592684032.00
2007/08/24 16.59 18.11 16.00 17.60 972407.00 1638078592.00
2007/08/28 17.98 19.36 17.02 17.28 930436.00 1678694144.00
2007/08/29 17.00 19.01 16.68 19.01 940367.00 1710419200.00
2007/08/30 19.42 20.90 18.80 19.99 717238.00 1409798272.00
2007/08/31 19.94 20.35 19.21 19.30 516514.00 1015466304.00
2007/09/03 19.50 20.17 19.05 19.25 478035.00 928620032.00
2007/09/04 19.30 19.79 19.01 19.14 395341.00 763533696.00
2007/09/05 19.29 20.40 19.14 19.55 454166.00 897283264.00
2007/09/06 19.68 20.43 19.21 19.84 423532.00 843873536.00
2007/09/07 19.65 21.82 19.50 21.82 785416.00 1677801984.00
2007/09/10 22.68 23.95 21.42 23.45 804465.00 1807697408.00
2007/09/11 23.37 23.37 21.11 21.11 491351.00 1096392064.00
2007/09/12 20.49 21.30 19.50 20.18 522831.00 1055043136.00
2007/09/13 20.21 22.20 20.21 22.20 520079.00 1120793856.00
2007/09/21 22.00 23.48 19.98 19.98 601645.00 1227352448.00
2007/09/24 19.12 19.15 17.98 18.01 677632.00 1238805760.00
2007/09/25 18.01 18.60 17.50 18.24 321234.00 584899968.00
2007/09/26 18.13 18.14 17.02 17.24 356933.00 620988160.00
2007/09/27 17.30 17.55 16.93 17.36 204872.00 353905920.00
2007/09/28 17.57 18.50 17.55 18.29 256182.00 464118560.00
2007/10/08 18.80 18.80 17.45 17.72 294012.00 525032384.00
2007/10/09 17.65 17.65 16.90 17.37 230851.00 397012032.00
2007/10/10 17.35 18.17 17.00 17.71 256122.00 450207968.00
2007/10/11 17.73 17.81 17.10 17.44 304733.00 529930048.00
2007/10/12 17.73 17.73 15.70 16.80 518027.00 854906752.00
2007/10/15 16.80 17.50 16.80 17.42 307314.00 528268736.00
2007/10/16 17.50 17.60 16.72 17.03 254161.00 431658016.00
2007/10/17 17.10 17.60 17.01 17.30 239656.00 414144800.00
2007/10/18 17.30 17.40 16.50 16.57 161554.00 270969984.00
2007/10/19 16.70 16.95 16.18 16.26 135528.00 221976544.00
2007/10/22 16.26 16.26 15.20 15.23 159110.00 249677968.00
2007/10/23 15.23 15.50 14.46 15.16 202100.00 302074304.00
2007/10/24 15.15 16.68 15.12 15.84 279536.00 449941888.00
2007/10/25 15.80 16.90 14.78 16.47 302327.00 481116608.00
2007/10/26 16.30 17.26 15.98 16.84 283421.00 478438208.00
2007/10/29 17.10 18.11 16.89 17.20 383970.00 676960256.00
2007/10/30 17.25 17.45 16.65 17.28 169976.00 289707040.00
2007/10/31 17.47 18.47 17.10 18.23 447518.00 801412160.00
2007/11/01 18.00 18.36 17.63 17.80 254019.00 455586144.00
2007/11/02 17.61 17.61 16.79 16.81 184386.00 316578752.00
2007/11/05 16.75 17.40 16.05 16.92 118891.00 199404800.00
2007/11/06 17.08 18.22 16.91 18.00 267383.00 475363456.00
2007/11/07 18.04 18.35 17.35 17.66 160141.00 284943968.00
2007/11/08 17.80 18.19 16.80 16.93 187742.00 329876608.00
2007/11/09 16.95 17.19 16.00 16.14 154891.00 254089776.00
2007/11/12 15.87 16.28 15.00 16.11 140677.00 219395120.00
2007/11/13 16.15 16.49 15.65 15.78 112275.00 180763216.00
2007/11/14 16.03 16.59 15.78 16.57 122182.00 198174176.00
2007/11/15 16.50 16.75 15.77 15.96 116559.00 188941536.00
2007/11/16 15.70 16.20 15.30 15.90 77407.00 122568872.00
2007/11/19 15.92 16.51 15.80 16.35 94457.00 153840464.00
2007/11/20 16.36 16.98 16.06 16.83 135771.00 226182736.00
2007/11/21 16.85 16.98 16.32 16.33 96145.00 159582960.00
2007/11/22 16.13 16.28 15.49 15.55 86322.00 136599504.00
2007/11/23 15.36 15.86 15.20 15.85 75325.00 117216696.00
2007/11/26 16.00 16.30 15.80 16.05 66705.00 107016080.00
2007/11/27 16.18 16.45 16.00 16.06 78406.00 127086864.00
2007/11/28 16.15 16.84 16.15 16.59 166941.00 276759680.00
2007/11/29 16.67 17.07 16.67 16.91 168760.00 284995136.00
2007/11/30 17.06 17.06 16.10 16.16 108240.00 178422592.00
2007/12/03 16.08 16.80 15.81 16.42 76224.00 125161320.00
2007/12/04 16.44 16.65 16.15 16.21 63767.00 104209752.00
2007/12/05 16.11 16.51 16.06 16.49 109117.00 177650848.00
2007/12/06 16.52 16.98 16.42 16.91 135622.00 226635568.00
2007/12/07 17.03 17.39 16.70 17.35 226288.00 388214432.00
2007/12/10 17.40 19.09 17.40 19.09 529712.00 976768448.00
2007/12/11 19.40 19.79 18.80 19.22 572786.00 1108123648.00
2007/12/12 19.00 19.60 18.85 19.07 249922.00 479464288.00
2007/12/13 19.00 19.50 17.76 17.86 331787.00 620419520.00
2007/12/14 17.58 19.45 17.50 19.22 291081.00 536754272.00
2007/12/17 19.20 20.20 19.00 19.22 425665.00 839372032.00
2007/12/18 19.05 19.69 18.90 19.33 157805.00 305115648.00
2007/12/19 19.35 20.06 19.35 19.67 253950.00 503178560.00
2007/12/20 19.71 20.20 19.56 19.64 218812.00 434512512.00
2007/12/21 19.50 20.00 19.30 19.69 251175.00 492413312.00
2007/12/24 19.86 20.68 19.61 20.30 334543.00 677603264.00
2007/12/25 20.32 20.48 19.88 20.08 204843.00 411305600.00
2007/12/26 20.08 21.30 20.08 21.08 292718.00 605570944.00
2007/12/27 21.34 21.35 20.50 20.66 312605.00 653689536.00
2007/12/28 20.80 21.70 20.75 21.16 434112.00 919721472.00
2008/01/02 21.50 23.20 21.43 22.60 576674.00 1296332800.00
2008/01/03 22.55 22.98 22.10 22.66 337273.00 760976896.00
2008/01/04 22.65 22.65 21.80 22.31 271187.00 601302272.00
2008/01/07 22.00 22.08 21.50 21.92 344022.00 747899072.00
2008/01/08 21.94 21.99 21.00 21.03 439885.00 937514560.00
2008/01/09 20.80 21.70 20.56 21.68 356617.00 755784896.00
2008/01/10 21.86 21.97 21.22 21.55 329166.00 711518656.00
2008/01/11 21.65 22.33 21.31 22.28 376540.00 824115776.00
2008/01/14 22.43 23.10 22.30 22.45 461280.00 1047238528.00
2008/01/15 22.46 22.57 21.65 21.82 285309.00 625359488.00
2008/01/16 21.82 21.83 21.12 21.18 207879.00 445728000.00
2008/01/17 20.96 21.43 19.60 20.24 273400.00 557599296.00
2008/01/18 20.30 20.85 19.89 20.35 154741.00 312708480.00
2008/01/21 20.36 20.50 18.40 18.67 213966.00 417107296.00
2008/01/22 17.99 18.15 16.80 16.80 286482.00 495229504.00
2008/01/23 16.81 17.80 16.38 17.69 250095.00 431204128.00
2008/01/24 17.85 18.13 17.29 17.72 227629.00 404122336.00
2008/01/25 17.67 18.28 17.12 18.01 242092.00 430351456.00
2008/01/28 18.05 18.05 16.21 16.21 210620.00 354352224.00
2008/01/29 16.39 16.90 16.00 16.58 119664.00 197234416.00
2008/01/30 16.88 17.18 16.15 16.59 117539.00 196499200.00
2008/01/31 16.56 17.00 16.30 16.67 91176.00 152036864.00
2008/02/01 16.53 16.88 15.16 15.89 118417.00 189826048.00
2008/02/04 16.50 17.48 16.13 17.48 160846.00 273275968.00
2008/02/05 17.42 18.00 17.03 17.82 175120.00 310689280.00
2008/02/13 17.94 18.02 17.40 17.59 131180.00 233222976.00
2008/02/14 17.93 18.12 17.58 17.79 98464.00 175188096.00
2008/02/15 17.73 17.73 17.03 17.59 85132.00 147247312.00
2008/02/18 17.64 18.14 17.64 17.88 136508.00 244574624.00
2008/02/19 17.95 18.18 17.80 18.16 172772.00 311818112.00
2008/02/20 18.30 18.38 17.64 17.65 139770.00 250106240.00
2008/02/21 17.54 17.60 16.94 17.25 130675.00 225479376.00
2008/02/22 17.28 17.38 16.49 16.66 137312.00 231408000.00
2008/02/25 16.72 16.95 15.81 15.91 106221.00 172356128.00
2008/02/26 16.40 16.68 15.67 16.32 96332.00 155125248.00
2008/02/27 16.43 16.78 16.20 16.64 67011.00 111109008.00
2008/02/28 16.65 16.69 16.14 16.32 80066.00 130981520.00
2008/02/29 16.31 17.75 16.20 17.69 176504.00 301781920.00
2008/03/03 17.50 19.03 17.30 18.81 390645.00 717355456.00
2008/03/04 18.81 19.15 18.00 18.07 300653.00 559930432.00
2008/03/05 17.93 19.00 17.72 18.87 246247.00 451994464.00
2008/03/06 18.89 19.77 18.62 18.71 295314.00 566390720.00
2008/03/07 18.68 18.68 17.80 18.03 144548.00 262978992.00
2008/03/10 17.80 18.20 17.40 17.50 105950.00 188405760.00
2008/03/11 17.29 17.70 16.86 17.69 97931.00 169676896.00
2008/03/12 18.03 18.19 16.92 16.96 92329.00 160911888.00
2008/03/13 16.70 16.92 15.80 16.07 142070.00 231962624.00
2008/03/14 16.00 16.50 15.90 16.24 76508.00 124303824.00
2008/03/17 16.24 16.48 14.62 14.62 139807.00 215078160.00
2008/03/18 14.42 14.88 13.16 13.32 168533.00 231405040.00
2008/03/19 13.66 14.33 13.30 14.13 156954.00 218686448.00
2008/03/20 13.86 15.54 13.35 15.13 269783.00 400091616.00
2008/03/21 15.10 16.17 15.00 15.28 236688.00 370453824.00
2008/03/24 15.52 15.96 15.12 15.16 156366.00 243519728.00
2008/03/25 14.90 15.79 14.90 15.65 113862.00 174773216.00
2008/03/26 15.77 15.85 15.15 15.34 97453.00 150894720.00
2008/03/27 15.06 15.26 14.11 14.17 123612.00 181406496.00
2008/03/28 14.08 14.98 13.50 14.88 154351.00 221720576.00
2008/03/31 14.55 14.98 14.10 14.15 101688.00 147442160.00
2008/04/01 14.10 14.33 12.89 12.95 151399.00 203149200.00
2008/04/02 13.02 13.45 12.15 12.39 125540.00 159837440.00
2008/04/03 12.50 12.95 11.90 12.68 98798.00 122916152.00
2008/04/07 12.80 13.57 12.20 13.41 120175.00 157477120.00
2008/04/08 13.64 14.29 13.24 13.95 177071.00 243935280.00
2008/04/09 13.78 14.05 12.56 12.60 152704.00 204631744.00
2008/04/10 12.60 13.15 12.01 13.03 88408.00 113341496.00
2008/04/11 13.12 13.80 13.02 13.38 90812.00 121313600.00
2008/04/14 13.15 13.28 12.53 12.71 105662.00 135868416.00
2008/04/15 12.60 13.20 12.60 13.13 100405.00 130259440.00
2008/04/16 12.70 12.70 11.82 11.82 338305.00 407980992.00
2008/04/17 11.40 11.69 10.64 10.64 248950.00 272552288.00
2008/04/18 10.30 10.30 9.65 9.69 206888.00 204168272.00
2008/04/21 9.79 10.05 9.34 9.46 137447.00 133671328.00
2008/04/22 9.36 9.48 8.60 9.35 138163.00 124723680.00
2008/04/23 9.17 9.95 9.00 9.79 184462.00 175980128.00
2008/04/24 10.70 10.77 10.31 10.77 348904.00 371042112.00
2008/04/25 11.41 11.79 11.00 11.37 444195.00 510514112.00
2008/04/28 11.15 11.80 11.00 11.53 204637.00 237063808.00
2008/04/29 11.50 11.93 11.40 11.55 167292.00 194629216.00
2008/05/05 12.26 12.40 11.94 12.16 232520.00 282871872.00
2008/05/06 12.00 12.37 11.69 12.04 214626.00 257049840.00
2008/05/07 11.90 12.09 11.10 11.12 170774.00 199232336.00
2008/05/08 10.89 11.49 10.78 11.48 121942.00 137389424.00
2008/05/09 11.53 11.96 11.40 11.73 175013.00 205500896.00
2008/05/12 11.59 12.00 11.05 11.99 171274.00 199741968.00
2008/05/13 11.45 11.85 11.35 11.45 147219.00 170270432.00
2008/05/14 11.45 12.30 11.44 12.28 288934.00 347336192.00
2008/05/15 12.65 12.69 12.00 12.06 388969.00 482235840.00
2008/05/16 11.98 12.18 11.51 11.81 138639.00 163946528.00
2008/05/19 11.64 11.83 11.47 11.56 79891.00 92440912.00
2008/05/20 11.56 11.70 10.50 10.70 134082.00 151233040.00
2008/05/21 10.50 11.09 10.07 10.92 143143.00 149012800.00
2008/05/22 10.70 11.01 10.54 10.61 94433.00 101720912.00
2008/05/23 10.58 10.80 10.32 10.36 70686.00 74230128.00
2008/05/26 10.30 10.30 9.95 9.96 98190.00 98645856.00
2008/05/27 9.95 10.16 9.89 10.08 56026.00 56171792.00
2008/05/28 10.08 10.47 10.03 10.41 76065.00 78160512.00
2008/05/29 10.32 10.43 10.02 10.03 66047.00 67516752.00
2008/05/30 10.07 10.16 9.95 10.08 55492.00 55692000.00
2008/06/02 10.09 10.47 10.03 10.35 75358.00 77452352.00
2008/06/03 10.28 10.68 10.10 10.59 119510.00 124703616.00
