2007/06/04 22.90 22.90 20.89 20.89 87370.00 184866592.00
2007/06/05 18.82 22.00 18.80 21.99 234283.00 459129216.00
2007/06/06 22.05 23.37 20.89 22.99 182385.00 409923392.00
2007/06/07 22.80 24.85 22.50 24.28 138667.00 332457536.00
2007/06/08 24.00 25.10 23.50 24.10 130126.00 315383232.00
2007/06/11 24.00 25.50 23.81 25.22 143567.00 354553856.00
2007/06/12 25.21 25.70 24.00 25.30 135580.00 339187456.00
2007/06/13 25.45 26.68 25.45 25.58 121785.00 317613408.00
2007/06/14 25.40 25.40 24.20 24.39 119304.00 293887040.00
2007/06/15 24.00 24.75 23.40 24.55 86248.00 207497424.00
2007/06/18 24.99 25.33 24.20 24.58 117795.00 290461152.00
2007/06/19 24.20 25.16 23.70 24.56 95321.00 231784576.00
2007/06/20 24.50 25.60 24.08 24.32 114351.00 287099904.00
2007/06/21 24.10 24.60 23.40 24.48 65066.00 156011024.00
2007/06/22 24.73 25.88 22.81 24.89 169316.00 421441408.00
2007/06/25 25.50 25.70 22.40 22.96 162502.00 394660544.00
2007/06/26 22.00 22.94 20.85 22.62 87553.00 191866720.00
2007/06/27 22.80 22.98 22.40 22.90 70831.00 160960224.00
2007/06/28 22.89 22.89 20.61 20.61 129295.00 276947648.00
2007/06/29 19.70 20.20 18.65 18.66 93402.00 180484000.00
2007/07/02 18.79 19.59 17.75 19.00 57404.00 108083296.00
2007/07/03 19.22 19.40 18.25 19.00 54946.00 103220744.00
2007/07/04 19.00 19.45 18.41 19.15 83455.00 158583120.00
2007/07/05 18.38 19.10 17.24 17.24 53743.00 97619352.00
2007/07/06 17.00 18.30 16.47 18.19 82998.00 144628336.00
2007/07/09 18.24 19.10 17.98 18.71 73322.00 135274736.00
2007/07/10 18.70 18.90 17.71 17.76 51043.00 92773232.00
2007/07/11 17.77 18.76 17.73 18.40 52217.00 96288296.00
2007/07/12 18.46 18.98 18.40 18.57 38714.00 72307576.00
2007/07/13 18.85 18.88 18.30 18.63 23739.00 43926000.00
2007/07/16 18.49 18.60 17.70 17.78 25924.00 46769196.00
2007/07/17 17.79 18.92 17.35 18.35 42972.00 78831568.00
2007/07/18 18.16 20.19 18.10 20.05 194301.00 384098464.00
2007/07/19 19.90 20.47 19.36 19.87 119849.00 239281744.00
2007/07/20 19.90 21.20 19.60 21.08 135254.00 282223872.00
2007/07/23 21.19 22.30 21.10 21.58 157608.00 339898208.00
2007/07/24 21.71 22.90 21.37 22.16 131137.00 290530816.00
2007/07/25 22.18 22.59 21.80 22.24 74084.00 163728176.00
2007/07/26 22.25 22.85 21.52 22.19 115002.00 253890944.00
2007/07/27 21.96 22.56 21.61 22.12 59614.00 131544304.00
2007/07/30 22.01 23.40 21.85 23.18 105939.00 242923248.00
2007/07/31 22.88 23.39 22.30 22.71 80183.00 181838560.00
2007/08/01 22.55 23.52 21.80 21.92 90749.00 205593232.00
2007/08/02 22.32 23.76 22.21 23.61 145945.00 337265728.00
2007/08/03 24.10 24.88 23.77 24.26 158150.00 385222368.00
2007/08/06 24.84 25.00 23.41 24.33 115445.00 278671328.00
2007/08/07 24.20 24.20 22.80 23.70 141869.00 333561184.00
2007/08/08 23.20 23.67 21.80 22.26 138945.00 312317184.00
2007/08/09 22.26 23.00 21.96 22.85 119851.00 267965888.00
2007/08/10 22.75 22.75 21.00 21.73 85522.00 185961248.00
2007/08/13 21.71 21.71 20.81 21.11 85579.00 180187792.00
2007/08/14 21.36 22.20 21.36 21.96 73448.00 160487920.00
2007/08/15 22.25 22.59 21.58 22.25 73984.00 164043184.00
2007/08/16 22.27 22.27 21.48 21.60 46337.00 100360528.00
2007/08/17 21.60 21.90 21.40 21.70 48575.00 105148608.00
2007/08/20 22.12 22.57 21.95 22.47 69193.00 154257920.00
2007/08/21 22.60 22.73 22.10 22.24 56287.00 125369624.00
2007/08/22 21.85 22.45 21.70 22.16 66564.00 147206128.00
2007/08/23 22.06 22.99 21.90 22.71 88889.00 200281408.00
2007/08/24 22.79 22.98 22.12 22.32 64019.00 144126352.00
2007/08/27 22.39 23.20 22.22 22.35 73758.00 166836240.00
2007/08/28 22.35 22.35 21.47 21.65 72030.00 155909696.00
2007/08/29 21.57 22.26 21.05 21.92 65715.00 143469360.00
2007/08/30 22.04 22.50 21.76 22.43 62961.00 140203600.00
2007/08/31 22.60 22.97 22.39 22.53 74592.00 168953744.00
2007/09/03 22.53 23.18 22.33 23.10 110382.00 251347712.00
2007/09/04 23.31 23.79 22.86 23.00 112816.00 263992080.00
2007/09/05 23.00 23.20 22.10 22.57 63958.00 144059664.00
2007/09/06 22.60 22.87 22.22 22.47 66421.00 149585472.00
2007/09/07 22.35 22.47 21.80 21.81 67194.00 147808816.00
2007/09/10 21.40 21.99 21.11 21.86 60799.00 130233032.00
2007/09/11 21.90 22.14 20.20 20.38 56164.00 120146104.00
2007/09/12 20.05 20.96 19.90 20.69 68389.00 138324176.00
2007/09/13 20.66 21.03 20.11 20.77 60744.00 125564960.00
2007/09/14 20.82 20.90 20.00 20.65 67917.00 138145616.00
2007/09/17 20.57 21.40 20.01 21.34 64864.00 134962512.00
2007/09/18 21.42 22.91 21.35 21.98 99722.00 220350288.00
2007/09/19 22.17 22.69 21.65 21.81 63375.00 140523536.00
2007/09/20 21.80 22.08 21.00 21.23 45068.00 96262192.00
2007/09/21 21.16 21.60 20.48 20.79 40123.00 84103368.00
2007/09/24 20.78 21.20 20.18 20.80 38301.00 78996376.00
2007/09/25 20.76 21.50 20.38 21.11 43017.00 91211216.00
2007/09/26 21.01 21.60 20.55 20.66 34080.00 72042784.00
2007/09/27 20.61 20.94 20.31 20.42 31020.00 63501284.00
2007/09/28 20.50 21.12 20.50 20.99 36599.00 76377248.00
2007/10/08 21.21 21.83 20.64 21.46 62594.00 133470288.00
2007/10/09 21.40 21.90 21.00 21.46 40933.00 88384992.00
2007/10/10 21.77 21.78 21.07 21.15 43999.00 93716360.00
2007/10/11 21.15 21.35 20.38 20.43 48950.00 100918448.00
2007/10/12 20.44 20.44 18.70 19.28 68734.00 134071936.00
2007/10/15 19.30 19.50 18.50 18.85 57705.00 108534200.00
2007/10/16 18.90 19.74 18.86 19.60 43579.00 83760688.00
2007/10/17 19.58 19.58 18.80 19.05 41719.00 79503912.00
2007/10/18 19.05 19.05 18.55 18.57 27685.00 51626656.00
2007/10/19 18.70 19.00 18.55 18.62 18422.00 34480792.00
2007/10/22 18.60 18.60 17.70 17.73 22421.00 40302732.00
2007/10/23 17.79 18.20 17.66 18.12 23901.00 42977520.00
2007/10/24 18.15 18.65 18.05 18.06 23093.00 42277740.00
2007/10/25 18.00 18.00 16.66 16.71 31917.00 54616912.00
2007/10/26 16.75 17.30 16.75 16.94 24384.00 41527096.00
2007/10/29 17.15 17.50 16.75 16.99 20817.00 35382512.00
2007/10/30 17.11 17.30 16.73 17.28 33495.00 56904644.00
2007/10/31 17.52 18.72 17.20 18.69 72790.00 131843432.00
2007/11/01 18.65 19.00 17.98 18.37 67872.00 125309408.00
2007/11/02 18.00 18.75 17.71 17.75 33186.00 60288880.00
2007/11/05 17.58 17.88 17.12 17.25 24088.00 41947892.00
2007/11/06 17.27 17.80 17.20 17.48 21820.00 38320640.00
2007/11/07 17.70 17.79 16.97 17.31 20133.00 34668416.00
2007/11/08 17.28 17.28 16.40 16.45 21888.00 36829352.00
2007/11/09 16.49 16.70 16.00 16.09 24822.00 40252732.00
2007/11/12 16.01 16.01 14.88 15.33 31414.00 48141624.00
2007/11/13 15.51 16.08 15.32 15.48 24419.00 38421424.00
2007/11/14 15.75 16.28 15.60 16.20 21350.00 34079544.00
2007/11/15 16.12 16.46 15.90 16.10 17393.00 28248156.00
2007/11/16 16.00 16.00 15.50 15.87 15952.00 25011768.00
2007/11/19 16.50 17.46 16.50 17.46 19146.00 33195480.00
2007/11/20 18.47 18.47 17.72 17.84 110917.00 201438880.00
2007/11/21 17.85 18.29 17.85 17.96 44235.00 79754528.00
2007/11/22 17.39 17.80 16.98 17.13 30010.00 52258264.00
2007/11/23 16.90 17.98 16.90 17.91 30071.00 52832784.00
2007/11/26 18.18 18.22 17.46 17.52 23941.00 42855572.00
2007/11/27 17.31 17.96 17.28 17.51 11235.00 19763256.00
2007/11/28 17.52 17.89 17.20 17.26 11403.00 19880604.00
2007/11/29 17.35 17.95 17.01 17.75 25611.00 45027180.00
2007/11/30 17.80 18.40 17.70 17.99 49434.00 89696360.00
2007/12/03 17.87 18.59 17.52 18.32 41719.00 76222784.00
2007/12/04 18.40 18.45 17.89 17.97 24743.00 44806432.00
2007/12/05 17.90 18.38 17.78 18.08 26778.00 48434612.00
2007/12/06 18.18 18.30 17.90 18.23 23190.00 41846768.00
2007/12/07 18.25 18.52 18.00 18.46 28183.00 51761072.00
2007/12/10 18.10 19.50 18.00 19.31 65028.00 123001224.00
2007/12/11 19.29 19.32 18.83 19.03 42178.00 80211416.00
2007/12/12 19.03 19.49 18.80 19.39 41562.00 79795624.00
2007/12/13 19.14 19.34 18.18 18.19 33944.00 63889948.00
2007/12/14 17.88 18.90 17.70 18.81 31394.00 57306688.00
2007/12/17 18.90 19.72 18.60 19.40 78401.00 151954208.00
2007/12/18 19.45 19.85 19.25 19.60 69603.00 136316480.00
2007/12/19 19.60 20.16 19.50 19.76 57138.00 113639552.00
2007/12/20 19.80 19.90 19.52 19.71 31072.00 61161872.00
2007/12/21 19.69 19.88 19.34 19.72 33500.00 65729856.00
2007/12/24 19.74 20.21 19.74 19.88 35335.00 70767288.00
2007/12/25 19.80 20.11 19.71 19.99 23650.00 47120120.00
2007/12/26 20.00 20.48 20.00 20.39 31695.00 64239340.00
2007/12/27 20.45 20.82 20.21 20.49 39678.00 81711920.00
2007/12/28 20.59 21.30 20.19 21.01 65873.00 137395424.00
2008/01/02 21.50 23.11 21.30 22.94 203619.00 464954112.00
2008/01/03 22.80 23.38 22.31 22.68 136929.00 313908544.00
2008/01/04 22.40 23.50 21.91 22.85 79378.00 179216112.00
2008/01/07 22.40 22.80 22.35 22.60 41528.00 93853656.00
2008/01/08 22.60 22.76 21.30 21.50 108262.00 235950800.00
2008/01/09 21.37 21.80 21.03 21.70 44661.00 96127024.00
2008/01/10 21.71 22.47 21.62 21.81 50102.00 110637408.00
2008/01/11 21.75 22.16 21.15 21.43 42785.00 91876976.00
2008/01/14 21.35 21.96 21.19 21.59 39591.00 85941336.00
2008/01/15 21.60 21.92 21.25 21.84 55152.00 118563608.00
2008/01/16 21.40 22.20 21.35 21.56 44498.00 96994448.00
2008/01/17 21.45 21.95 20.00 20.36 55849.00 116161192.00
2008/01/18 20.31 20.86 19.83 20.38 37919.00 76662752.00
2008/01/21 20.39 20.60 18.70 18.93 34607.00 68204416.00
2008/01/22 18.50 18.54 17.04 17.04 49321.00 86444792.00
2008/01/23 17.06 17.95 16.80 17.93 44284.00 77224224.00
2008/01/24 18.08 18.30 17.58 17.99 44115.00 79408880.00
2008/01/25 17.95 18.87 17.61 18.49 43260.00 79394240.00
2008/01/28 18.30 18.30 16.78 16.99 36816.00 64011656.00
2008/01/29 17.25 17.99 17.02 17.60 16310.00 28523040.00
2008/01/30 17.80 18.50 17.50 18.26 43060.00 78267280.00
2008/01/31 18.05 18.60 17.78 17.82 23823.00 43659028.00
2008/02/01 18.00 18.30 16.55 17.42 26807.00 47357752.00
2008/02/04 18.20 18.98 17.89 18.96 28141.00 52298568.00
2008/02/05 18.81 19.43 18.53 19.18 32505.00 62264220.00
2008/02/13 18.49 19.55 18.49 18.84 18418.00 35161416.00
2008/02/14 19.00 19.28 18.81 18.99 11073.00 21038420.00
2008/02/15 18.90 19.03 18.19 18.50 16690.00 30856662.00
2008/02/18 19.00 19.18 18.81 18.85 14232.00 26960592.00
2008/02/19 18.98 19.29 18.68 19.26 18230.00 34802572.00
2008/02/20 19.56 19.59 18.78 18.91 22432.00 43041952.00
2008/02/21 18.54 18.90 18.33 18.52 17715.00 32903732.00
2008/02/22 18.52 18.52 17.75 17.92 23412.00 42214348.00
2008/02/25 17.60 17.99 17.15 17.19 17481.00 30598210.00
2008/02/26 17.71 17.82 17.00 17.58 14102.00 24388798.00
2008/02/27 17.59 17.98 17.49 17.87 10599.00 18850524.00
2008/02/28 18.03 18.03 17.51 17.77 10877.00 19338954.00
2008/02/29 17.74 18.30 17.60 18.11 13430.00 24280564.00
2008/03/03 17.99 18.75 17.80 18.48 20488.00 37830240.00
2008/03/04 18.61 19.10 18.46 18.66 29866.00 56184356.00
2008/03/05 18.65 18.91 17.80 18.36 19867.00 36354536.00
2008/03/06 18.36 19.36 18.01 19.11 43123.00 81792424.00
2008/03/07 18.78 19.45 18.68 19.39 29910.00 57014376.00
2008/03/10 19.20 19.34 18.02 18.51 19460.00 36728196.00
2008/03/11 18.40 18.58 16.78 18.45 13768.00 24975694.00
2008/03/12 18.90 19.06 17.50 17.55 17355.00 31594722.00
2008/03/13 17.46 18.07 17.01 17.22 18792.00 32782936.00
2008/03/14 17.20 17.66 16.10 16.54 18793.00 31442356.00
2008/03/17 16.40 16.41 15.08 15.23 23344.00 36709388.00
2008/03/18 15.05 15.69 13.71 14.05 29806.00 42828476.00
2008/03/19 14.55 15.03 14.00 14.55 21769.00 31732772.00
2008/03/20 14.52 16.01 13.65 16.01 47075.00 72025264.00
2008/03/21 16.25 17.27 16.00 16.48 65155.00 108726736.00
2008/03/24 16.88 16.90 15.50 15.53 45239.00 73249240.00
2008/03/25 15.17 16.20 14.91 16.06 26275.00 40799096.00
2008/03/26 16.19 16.48 15.60 15.74 14660.00 23434576.00
2008/03/27 15.40 15.65 14.70 14.78 23195.00 35272108.00
2008/03/28 14.70 15.92 14.41 15.58 30307.00 46418248.00
2008/03/31 15.28 15.80 15.01 15.04 19417.00 29804682.00
2008/04/01 14.88 15.22 13.60 13.78 26815.00 38070352.00
2008/04/02 13.99 14.19 12.48 12.61 25926.00 34195708.00
2008/04/03 12.56 13.15 12.20 12.93 20803.00 26175942.00
2008/04/07 12.70 13.68 12.42 13.51 22313.00 29736600.00
2008/04/09 13.88 14.20 12.50 12.98 35143.00 48298192.00
2008/04/10 12.60 13.40 12.56 13.21 18135.00 23623560.00
2008/04/11 13.47 13.98 13.17 13.57 19909.00 27035392.00
2008/04/14 13.19 13.30 12.46 12.53 18872.00 24188108.00
2008/04/15 12.27 12.95 12.26 12.92 14714.00 18600864.00
2008/04/16 12.85 12.87 12.33 12.36 16639.00 21027612.00
2008/04/17 12.60 12.70 11.80 11.91 21974.00 26919756.00
2008/04/18 11.75 11.95 10.90 10.98 20973.00 23584368.00
2008/04/21 12.05 12.05 10.58 10.86 23602.00 26500284.00
2008/04/22 10.60 10.84 10.11 10.77 21231.00 21984496.00
2008/04/23 10.72 11.48 10.45 11.18 21646.00 24046664.00
2008/04/24 12.10 12.30 11.92 12.30 53489.00 65188404.00
2008/04/28 12.40 13.53 12.01 13.53 60463.00 79667648.00
2008/04/29 13.78 14.15 13.49 13.67 82084.00 112983736.00
2008/04/30 13.89 14.69 13.89 14.63 74551.00 107680768.00
2008/05/05 14.80 15.38 14.70 14.91 62938.00 94491776.00
2008/05/06 14.78 15.36 14.28 14.81 58526.00 85857488.00
2008/05/07 14.66 14.81 13.43 13.56 65476.00 92579392.00
2008/05/08 13.26 14.19 13.20 13.99 34757.00 48246140.00
2008/05/09 14.01 14.31 13.68 14.11 46033.00 64317480.00
2008/05/12 13.80 14.41 13.40 14.26 48375.00 67454640.00
2008/05/13 13.65 14.09 13.60 13.66 35739.00 49344476.00
2008/05/14 13.53 14.36 13.53 14.34 44490.00 62960520.00
2008/05/15 14.60 14.74 14.05 14.06 52837.00 76687784.00
2008/05/16 14.06 14.45 13.81 14.39 44444.00 63125984.00
2008/05/19 14.36 14.55 14.00 14.29 24941.00 35665964.00
2008/05/20 14.19 14.55 13.50 13.67 33532.00 47582320.00
2008/05/21 13.50 14.03 12.45 13.66 55388.00 72966288.00
2008/05/22 13.39 13.49 12.95 13.06 39042.00 51499272.00
2008/05/23 13.00 13.15 12.52 12.79 24358.00 31074436.00
2008/05/26 12.66 12.72 12.05 12.05 15509.00 19045524.00
2008/05/27 12.02 12.25 11.93 12.19 12689.00 15373242.00
2008/05/28 12.30 12.79 12.12 12.66 16039.00 20067742.00
2008/05/29 12.72 12.77 12.15 12.18 17834.00 22324008.00
2008/05/30 12.28 12.53 12.15 12.40 13219.00 16312692.00
2008/06/02 12.40 12.65 12.18 12.47 11342.00 14142146.00
2008/06/03 12.38 13.38 12.29 13.21 43674.00 56573424.00
