2007/06/04 6.91 7.10 6.43 6.43 261627.00 170532544.00
2007/06/05 5.90 6.82 5.79 6.72 413927.00 251663056.00
2007/06/06 6.75 6.86 6.35 6.66 326491.00 218485232.00
2007/06/07 6.67 6.99 6.59 6.95 295497.00 201669648.00
2007/06/08 7.00 7.15 6.88 6.99 269568.00 189469104.00
2007/06/11 7.04 7.10 6.90 6.98 250663.00 175285296.00
2007/06/12 7.02 7.06 6.50 7.05 282113.00 194292976.00
2007/06/13 7.23 7.70 7.23 7.70 428814.00 320694368.00
2007/06/14 7.80 7.89 7.50 7.55 366644.00 282533760.00
2007/06/15 7.42 7.55 7.15 7.35 189472.00 139383808.00
2007/06/18 7.38 7.57 7.36 7.42 230743.00 171678528.00
2007/06/19 7.42 7.68 7.23 7.60 289382.00 216713952.00
2007/06/20 7.72 7.93 7.52 7.62 483872.00 375456064.00
2007/06/21 7.50 7.62 7.30 7.42 189205.00 140328976.00
2007/06/22 7.40 7.40 6.68 6.85 214286.00 150679152.00
2007/06/25 6.88 6.95 6.17 6.19 184937.00 119381856.00
2007/06/26 6.03 6.50 5.90 6.50 154861.00 96202648.00
2007/06/27 6.54 6.60 6.25 6.51 131803.00 85027048.00
2007/06/28 6.51 6.60 6.00 6.07 136643.00 86784760.00
2007/06/29 5.93 6.13 5.80 5.86 129128.00 76672088.00
2007/07/03 5.57 5.57 5.57 5.57 26135.00 14557195.00
2007/07/04 5.29 5.29 5.29 5.29 24909.00 13176861.00
2007/07/05 5.03 5.03 5.03 5.03 26115.00 13135845.00
2007/07/06 4.78 5.28 4.78 5.28 414102.00 205718400.00
2007/07/09 5.15 5.48 5.02 5.30 317875.00 164936752.00
2007/07/10 5.21 5.29 5.04 5.05 164193.00 84197328.00
2007/07/11 4.95 5.15 4.95 5.11 93404.00 47217956.00
2007/07/12 5.10 5.14 5.01 5.08 72286.00 36667320.00
2007/07/13 5.05 5.06 4.95 5.03 78894.00 39462676.00
2007/07/16 5.03 5.04 4.87 4.89 73497.00 36342180.00
2007/07/17 4.87 5.07 4.85 5.01 70721.00 35222960.00
2007/07/18 5.00 5.05 4.92 4.99 66100.00 33046050.00
2007/07/19 4.97 5.24 4.95 5.24 207224.00 107158784.00
2007/07/20 5.28 5.36 5.20 5.30 184462.00 97347328.00
2007/07/23 5.25 5.55 5.25 5.51 205088.00 111785952.00
2007/07/24 5.53 5.73 5.51 5.53 172841.00 97023448.00
2007/07/25 5.50 5.67 5.47 5.65 137715.00 76881480.00
2007/07/26 5.67 5.92 5.67 5.87 185557.00 108208096.00
2007/07/27 5.87 6.00 5.71 5.95 138494.00 81759824.00
2007/07/30 5.95 6.25 5.91 6.17 155866.00 95087048.00
2007/07/31 6.18 6.30 6.01 6.16 141409.00 86953904.00
2007/08/01 6.19 6.22 5.85 5.85 171722.00 102828672.00
2007/08/02 5.75 5.98 5.66 5.90 144986.00 84905168.00
2007/08/03 5.90 5.92 5.75 5.82 127267.00 74050880.00
2007/08/06 5.83 5.97 5.82 5.91 117525.00 69195408.00
2007/08/07 5.94 5.98 5.80 5.85 108562.00 63556680.00
2007/08/08 6.00 6.14 5.99 6.14 329075.00 201473536.00
2007/08/09 6.17 6.37 6.05 6.10 229876.00 142446544.00
2007/08/10 6.08 6.12 5.80 5.92 148712.00 88511904.00
2007/08/13 5.90 6.15 5.83 6.06 169057.00 102266648.00
2007/08/14 6.05 6.17 6.00 6.11 132092.00 80534256.00
2007/08/15 6.15 6.18 5.89 6.04 108974.00 65680672.00
2007/08/16 6.01 6.15 5.89 6.09 138207.00 83453720.00
2007/08/17 6.05 6.39 6.02 6.35 379045.00 238572496.00
2007/08/20 6.50 6.63 6.35 6.61 342021.00 221102512.00
2007/08/21 6.72 6.94 6.71 6.85 295495.00 202325472.00
2007/08/22 6.75 6.85 6.68 6.81 226626.00 153276512.00
2007/08/23 6.83 6.88 6.71 6.76 126823.00 85737504.00
2007/08/24 6.78 6.96 6.73 6.81 155143.00 106031496.00
2007/08/27 6.84 6.93 6.61 6.72 167697.00 113450760.00
2007/08/28 6.70 6.77 6.57 6.71 116712.00 77719440.00
2007/08/29 6.70 7.05 6.61 7.05 269163.00 186071840.00
2007/08/30 6.96 7.17 6.84 7.06 267201.00 187338784.00
2007/08/31 7.07 7.20 6.93 7.02 202971.00 143395664.00
2007/09/03 7.17 7.30 7.05 7.17 233135.00 167593648.00
2007/09/04 7.19 7.23 7.00 7.04 173707.00 122958272.00
2007/09/05 7.04 7.24 6.98 7.09 153087.00 108664584.00
2007/09/06 7.10 7.22 7.07 7.13 160557.00 114586512.00
2007/09/07 7.10 7.10 6.80 6.81 190049.00 131287984.00
2007/09/10 6.77 6.90 6.50 6.88 130593.00 87479912.00
2007/09/11 6.82 6.90 6.54 6.54 132881.00 89173024.00
2007/09/12 6.40 6.56 6.21 6.38 153485.00 97399784.00
2007/09/13 6.41 6.55 6.36 6.51 95809.00 61875112.00
2007/09/14 6.51 6.57 6.25 6.49 147395.00 94500648.00
2007/09/17 6.41 6.65 6.41 6.63 172919.00 113007152.00
2007/09/18 6.65 6.86 6.60 6.74 158159.00 106531592.00
2007/09/19 6.78 6.82 6.57 6.60 110083.00 73204288.00
2007/09/20 6.61 6.73 6.60 6.67 94291.00 62693232.00
2007/09/21 6.70 6.73 6.34 6.50 98897.00 64134220.00
2007/09/24 6.49 6.49 6.26 6.40 83979.00 53521080.00
2007/09/25 6.40 6.50 6.33 6.38 67780.00 43449440.00
2007/09/26 6.37 6.49 6.31 6.33 56278.00 35919500.00
2007/09/27 6.34 6.38 6.27 6.37 57280.00 36207952.00
2007/09/28 6.41 6.60 6.41 6.53 110875.00 72154984.00
2007/10/08 6.63 6.67 6.53 6.56 104134.00 68433648.00
2007/10/09 6.55 6.65 6.39 6.64 89400.00 58389332.00
2007/10/10 6.65 6.68 6.53 6.56 92666.00 61264464.00
2007/10/11 6.55 6.55 6.37 6.38 91026.00 58466948.00
2007/10/12 6.39 6.44 6.06 6.16 143919.00 88675648.00
2007/10/15 6.14 6.19 5.95 6.14 83101.00 50342944.00
2007/10/16 6.16 6.33 6.09 6.32 78905.00 49020564.00
2007/10/17 6.32 6.33 6.13 6.20 57634.00 35873892.00
2007/10/18 6.19 6.19 6.01 6.04 64392.00 39108784.00
2007/10/19 6.05 6.13 6.01 6.03 42490.00 25777540.00
2007/10/22 6.01 6.06 5.85 5.89 54675.00 32558044.00
2007/10/23 5.86 5.95 5.68 5.86 61349.00 35658276.00
2007/10/24 5.89 5.92 5.66 5.68 63192.00 36555304.00
2007/10/25 5.68 5.68 5.40 5.40 111183.00 60462456.00
2007/10/26 5.29 5.46 5.21 5.34 52404.00 27836200.00
2007/10/29 5.36 5.55 5.32 5.55 49816.00 27098040.00
2007/10/30 5.55 5.59 5.38 5.57 58870.00 32351340.00
2007/10/31 5.58 5.79 5.55 5.75 84016.00 47703756.00
2007/11/01 5.74 5.74 5.47 5.48 52454.00 29213976.00
2007/11/02 5.41 5.45 5.30 5.35 48059.00 25731448.00
2007/11/05 5.31 5.58 5.31 5.55 46583.00 25539922.00
2007/11/06 5.58 5.64 5.48 5.58 45761.00 25568938.00
2007/11/07 5.58 5.60 5.39 5.51 33146.00 18151544.00
2007/11/08 5.52 5.52 5.31 5.33 34593.00 18658020.00
2007/11/09 5.31 5.42 5.25 5.30 37765.00 20105334.00
2007/11/12 5.37 5.41 5.22 5.39 57151.00 30450616.00
2007/11/13 5.40 5.55 5.40 5.53 58252.00 31934772.00
2007/11/14 5.54 5.65 5.51 5.63 73685.00 41222476.00
2007/11/15 5.64 5.64 5.42 5.46 36731.00 20296172.00
2007/11/16 5.46 5.60 5.40 5.56 37589.00 20684524.00
2007/11/19 5.56 5.70 5.55 5.70 64909.00 36657948.00
2007/11/20 5.71 5.75 5.65 5.68 66956.00 38198236.00
2007/11/21 5.68 5.71 5.49 5.53 61219.00 34276832.00
2007/11/22 5.50 5.53 5.25 5.28 53849.00 29004724.00
2007/11/23 5.25 5.38 5.19 5.38 34331.00 18133444.00
2007/11/26 5.43 5.49 5.31 5.32 34353.00 18589722.00
2007/11/27 5.28 5.41 5.28 5.38 27247.00 14606114.00
2007/11/28 5.38 5.44 5.32 5.35 22576.00 12165044.00
2007/11/29 5.45 5.49 5.36 5.47 36535.00 19870824.00
2007/11/30 5.47 5.48 5.35 5.38 29312.00 15839195.00
2007/12/03 5.36 5.48 5.33 5.44 24046.00 13026806.00
2007/12/04 5.41 5.49 5.38 5.43 28764.00 15651908.00
2007/12/05 5.43 5.55 5.40 5.54 48731.00 26815864.00
2007/12/06 5.55 5.58 5.47 5.55 34068.00 18812956.00
2007/12/07 5.55 5.67 5.51 5.65 62397.00 34971712.00
2007/12/10 5.58 5.74 5.54 5.74 90162.00 51300872.00
2007/12/11 5.76 5.83 5.66 5.82 99432.00 57135304.00
2007/12/12 5.85 5.95 5.80 5.92 136507.00 80289736.00
2007/12/13 5.93 6.13 5.83 5.85 161675.00 97124008.00
2007/12/14 5.79 6.00 5.69 5.95 83070.00 48531120.00
2007/12/17 6.01 6.10 5.97 6.00 71472.00 43173080.00
2007/12/18 6.01 6.06 5.87 5.89 45708.00 27139536.00
2007/12/27 6.18 6.18 5.92 6.18 52183.00 32189192.00
2007/12/28 6.36 6.38 6.18 6.21 193584.00 121452696.00
2008/01/03 6.37 6.52 6.37 6.52 144547.00 93725576.00
2008/01/04 6.64 6.69 6.52 6.55 148828.00 98284928.00
2008/01/07 6.56 6.68 6.48 6.57 127371.00 83619344.00
2008/01/08 6.59 6.61 6.25 6.31 136289.00 88033104.00
2008/01/09 6.35 6.55 6.30 6.54 79227.00 51079364.00
2008/01/10 6.55 6.63 6.45 6.53 90019.00 58857756.00
2008/01/11 6.58 6.58 6.40 6.49 58699.00 37864040.00
2008/01/14 6.51 6.77 6.47 6.72 166466.00 110639456.00
2008/01/15 6.73 6.87 6.70 6.75 133474.00 90619432.00
2008/01/16 6.75 6.75 6.60 6.61 96686.00 64196404.00
2008/01/17 6.61 6.78 6.34 6.51 116809.00 76656480.00
2008/01/18 6.64 6.78 6.59 6.77 144055.00 96527248.00
2008/01/21 6.88 7.11 6.68 6.78 292379.00 203589280.00
2008/01/22 6.59 6.59 6.44 6.44 127041.00 82153768.00
2008/01/23 6.12 6.50 6.12 6.46 163614.00 102617376.00
2008/01/24 6.51 6.67 6.35 6.58 127316.00 83358344.00
2008/01/25 6.59 6.70 6.40 6.59 97971.00 64581088.00
2008/01/28 6.70 6.70 6.26 6.26 114728.00 73547512.00
2008/01/29 6.18 6.36 6.00 6.17 72079.00 44277864.00
2008/01/30 6.45 6.47 6.08 6.23 64786.00 40693112.00
2008/01/31 6.20 6.28 6.01 6.03 41302.00 25391060.00
2008/02/01 6.05 6.12 5.73 5.73 82393.00 47892236.00
2008/02/04 5.90 6.02 5.81 6.02 53407.00 31926706.00
2008/02/05 6.11 6.24 6.03 6.17 54697.00 33686232.00
2008/02/13 6.02 6.25 6.01 6.16 32445.00 19975498.00
2008/02/14 6.20 6.26 6.17 6.22 27463.00 17077362.00
2008/02/15 6.18 6.19 6.02 6.14 34917.00 21287148.00
2008/02/18 6.16 6.33 6.14 6.30 59543.00 37291948.00
2008/02/19 6.34 6.39 6.25 6.37 56045.00 35541112.00
2008/02/20 6.40 6.43 6.28 6.29 67661.00 43004920.00
2008/02/21 6.26 6.40 6.22 6.35 59662.00 37658536.00
2008/02/22 6.30 6.36 6.08 6.25 57222.00 35620160.00
2008/02/25 6.25 6.29 6.08 6.12 43808.00 26956306.00
2008/02/26 6.15 6.22 6.02 6.17 35637.00 21779940.00
2008/02/27 6.18 6.37 6.18 6.33 50537.00 31884128.00
2008/02/28 6.33 6.38 6.23 6.29 45513.00 28765852.00
2008/02/29 6.26 6.50 6.25 6.50 85994.00 55222208.00
2008/03/03 6.63 6.83 6.63 6.83 194180.00 132148192.00
2008/03/04 7.09 7.17 6.75 6.76 511186.00 356637824.00
2008/03/05 6.65 6.93 6.50 6.86 214522.00 143063728.00
2008/03/06 6.86 7.15 6.80 6.86 223967.00 156412176.00
2008/03/07 6.83 6.99 6.68 6.87 112382.00 76973664.00
2008/03/10 6.88 6.97 6.64 6.72 116194.00 79449312.00
2008/03/11 6.63 6.79 6.49 6.76 74140.00 49169140.00
2008/03/12 6.82 6.88 6.52 6.53 70429.00 47091792.00
2008/03/13 6.45 6.56 6.20 6.20 104220.00 65731640.00
2008/03/14 6.12 6.28 6.12 6.23 44838.00 27754946.00
2008/03/17 6.22 6.22 5.92 5.92 71392.00 42846792.00
2008/03/18 5.82 5.93 5.62 5.62 63745.00 36285144.00
2008/03/19 5.90 5.90 5.88 5.90 78126.00 46093960.00
2008/03/20 6.14 6.20 5.95 6.20 166773.00 101808872.00
2008/03/21 6.30 6.38 6.20 6.24 89176.00 55889308.00
2008/03/24 6.35 6.55 6.35 6.42 150082.00 97505576.00
2008/03/25 6.30 6.55 6.20 6.49 74741.00 47971656.00
2008/03/26 6.52 6.56 6.23 6.27 80341.00 51241444.00
2008/03/27 6.17 6.17 5.96 5.96 79431.00 47666652.00
2008/03/28 5.75 6.08 5.70 6.07 61552.00 36329452.00
2008/03/31 5.90 5.98 5.80 5.82 38131.00 22365366.00
2008/04/01 5.71 5.85 5.53 5.53 59740.00 33438750.00
2008/04/02 5.55 5.63 5.25 5.28 60071.00 32056476.00
2008/04/03 5.30 5.42 5.10 5.37 35986.00 18897812.00
2008/04/07 5.34 5.64 5.23 5.63 51919.00 28647618.00
2008/04/08 5.62 5.73 5.51 5.65 54153.00 30472580.00
2008/04/09 5.67 5.70 5.37 5.37 43694.00 24205744.00
2008/04/10 5.28 5.47 5.25 5.46 33573.00 17951038.00
2008/04/11 5.49 5.53 5.42 5.51 32067.00 17580802.00
2008/04/14 5.44 5.44 5.23 5.30 34073.00 18056142.00
2008/04/15 5.32 5.47 5.25 5.46 30406.00 16306893.00
2008/04/16 5.40 5.50 5.32 5.42 20256.00 10986116.00
2008/04/17 5.42 5.58 5.35 5.54 54171.00 29776098.00
2008/04/18 5.48 5.49 5.26 5.26 41019.00 21798612.00
2008/04/21 5.50 5.50 5.00 5.00 75200.00 38640020.00
2008/04/22 4.80 4.90 4.75 4.82 53179.00 25364672.00
2008/04/23 4.82 5.00 4.74 4.95 34713.00 17016748.00
2008/04/24 5.20 5.20 5.13 5.20 106213.00 55116108.00
2008/04/25 5.21 5.31 5.12 5.17 88982.00 46288912.00
2008/04/28 5.14 5.14 4.99 5.05 63961.00 32222978.00
2008/04/29 5.06 5.23 5.02 5.20 51645.00 26511206.00
2008/04/30 5.20 5.30 5.12 5.28 104999.00 54896564.00
2008/05/05 5.29 5.37 5.19 5.34 100137.00 52660012.00
2008/05/06 5.29 5.45 5.20 5.32 90150.00 47910320.00
2008/05/07 5.26 5.32 5.05 5.05 73006.00 37882608.00
2008/05/08 5.00 5.14 4.97 5.13 52214.00 26363172.00
2008/05/09 5.16 5.17 4.97 5.03 62409.00 31528416.00
2008/05/12 5.00 5.11 4.93 5.05 46243.00 23225472.00
2008/05/13 4.95 5.02 4.88 4.96 63821.00 31634548.00
2008/05/14 4.96 5.14 4.96 5.14 58847.00 29817390.00
2008/05/15 5.15 5.22 5.10 5.13 62814.00 32392404.00
2008/05/16 5.13 5.17 5.00 5.05 50451.00 25559672.00
2008/05/19 5.02 5.04 4.95 5.00 32271.00 16091954.00
2008/05/20 5.00 5.04 4.75 4.79 58766.00 28907760.00
2008/05/21 4.76 4.89 4.68 4.88 58579.00 27892168.00
2008/05/22 4.85 4.90 4.78 4.85 28202.00 13680654.00
2008/05/23 4.84 4.88 4.75 4.86 39000.00 18774180.00
2008/05/26 4.84 4.84 4.72 4.73 23241.00 11042817.00
2008/05/27 4.68 4.76 4.68 4.75 19173.00 9049076.00
2008/05/28 4.75 4.86 4.68 4.83 31688.00 15128814.00
2008/05/29 4.80 4.85 4.71 4.71 22813.00 10897945.00
2008/05/30 4.69 4.73 4.63 4.72 30200.00 14172018.00
2008/06/02 4.73 4.77 4.66 4.76 21821.00 10302153.00
2008/06/03 4.75 4.76 4.68 4.70 21972.00 10341190.00
